NAME: OLEMBURG
TYPE: VRP
COMMENT: ARTIFICIAL
DIMENSION: 300
EDGE_WEIGHT_TYPE : EUC
ARISTAS: 1224
NODE_COORD_SECTION
293 299 19.0 70.0
2 5 137.0 36.0
5 7 314.0 99.0
7 11 487.0 95.0
11 37 227.0 87.0
1 3 334.0 49.0
3 4 63.0 69.0
4 6 56.0 14.0
126 128 60.0 3.0
239 270 349.0 70.0
238 239 64.0 31.0
237 238 358.0 81.0
236 237 208.0 92.0
184 236 332.0 7.0
129 184 369.0 59.0
126 129 102.0 15.0
125 126 259.0 26.0
123 125 228.0 40.0
121 123 352.0 10.0
118 121 364.0 54.0
118 119 247.0 61.0
124 138 544.0 11.0
120 124 532.0 1.0
119 120 107.0 86.0
119 122 431.0 100.0
122 127 526.0 30.0
127 201 559.0 97.0
66 78 279.0 42.0
66 82 303.0 47.0
12 14 14.0 27.0
6 8 305.0 80.0
8 10 421.0 76.0
10 12 52.0 64.0
12 16 62.0 33.0
6 9 377.0 94.0
16 20 35.0 88.0
20 25 30.0 97.0
25 32 38.0 97.0
112 115 10.0 43.0
108 112 15.0 23.0
105 108 32.0 10.0
48 49 45.0 7.0
39 48 53.0 27.0
34 39 35.0 37.0
39 46 32.0 7.0
18 23 44.0 12.0
16 18 9.0 9.0
14 18 64.0 81.0
32 44 80.0 55.0
51 52 18.0 59.0
43 52 99.0 16.0
40 42 7.0 82.0
42 45 20.0 78.0
40 43 12.0 33.0
28 43 93.0 64.0
24 28 13.0 41.0
28 35 42.0 1.0
66 74 193.0 37.0
74 80 91.0 88.0
74 92 191.0 12.0
92 104 41.0 43.0
31 38 34.0 45.0
26 31 33.0 92.0
20 31 78.0 26.0
15 23 70.0 68.0
38 44 34.0 92.0
96 105 28.0 49.0
74 96 204.0 98.0
29 41 78.0 60.0
29 34 38.0 79.0
22 29 29.0 60.0
22 36 72.0 5.0
19 22 28.0 47.0
19 30 69.0 71.0
15 19 33.0 59.0
14 15 30.0 22.0
57 60 26.0 12.0
55 57 81.0 16.0
53 55 55.0 35.0
51 53 14.0 13.0
49 51 31.0 18.0
47 49 32.0 74.0
46 51 104.0 90.0
41 46 36.0 78.0
36 41 35.0 47.0
30 36 38.0 35.0
26 30 26.0 62.0
23 26 13.0 29.0
24 40 92.0 9.0
17 24 53.0 22.0
13 17 54.0 53.0
10 13 64.0 39.0
25 38 82.0 97.0
35 47 76.0 95.0
34 35 20.0 23.0
9 21 499.0 91.0
21 27 35.0 46.0
27 33 42.0 29.0
33 66 421.0 4.0
80 89 78.0 68.0
89 110 99.0 71.0
139 159 112.0 62.0
134 139 50.0 68.0
139 144 40.0 89.0
144 156 54.0 69.0
213 222 33.0 80.0
128 134 115.0 15.0
193 215 113.0 78.0
190 193 5.0 76.0
191 199 53.0 77.0
199 211 43.0 44.0
211 226 48.0 28.0
205 214 36.0 46.0
191 205 69.0 66.0
185 191 22.0 40.0
180 185 9.0 79.0
173 180 42.0 32.0
167 173 30.0 5.0
164 167 13.0 69.0
159 164 37.0 24.0
159 162 12.0 32.0
162 194 155.0 28.0
194 227 135.0 84.0
209 223 56.0 14.0
223 235 24.0 98.0
209 217 45.0 49.0
202 220 68.0 30.0
186 202 80.0 90.0
183 186 10.0 14.0
186 209 99.0 12.0
172 183 49.0 97.0
183 200 83.0 57.0
200 210 38.0 7.0
210 213 8.0 69.0
216 221 9.0 61.0
221 231 17.0 40.0
225 231 15.0 27.0
216 225 18.0 6.0
199 216 72.0 97.0
213 232 51.0 92.0
164 177 62.0 59.0
182 188 18.0 80.0
172 182 44.0 12.0
182 187 15.0 7.0
187 192 20.0 11.0
188 192 15.0 73.0
161 172 73.0 100.0
136 137 6.0 49.0
134 136 35.0 26.0
136 143 50.0 22.0
143 149 24.0 82.0
149 154 32.0 20.0
154 170 134.0 52.0
168 170 21.0 49.0
151 161 43.0 30.0
161 168 46.0 62.0
168 175 41.0 64.0
163 175 113.0 50.0
153 163 45.0 84.0
141 153 55.0 34.0
137 141 38.0 25.0
208 230 69.0 9.0
190 208 82.0 39.0
162 190 143.0 90.0
203 228 82.0 17.0
185 203 88.0 78.0
255 277 97.0 90.0
277 284 28.0 11.0
277 300 90.0 11.0
275 282 26.0 11.0
282 287 35.0 2.0
286 287 20.0 58.0
275 286 38.0 11.0
271 275 11.0 20.0
268 271 17.0 79.0
264 268 24.0 17.0
268 279 48.0 97.0
272 279 24.0 61.0
262 272 48.0 34.0
262 264 4.0 84.0
255 262 33.0 49.0
245 250 74.0 11.0
245 246 14.0 81.0
241 245 78.0 76.0
284 297 53.0 38.0
284 295 51.0 39.0
257 298 180.0 63.0
254 257 7.0 74.0
257 259 5.0 2.0
253 292 177.0 73.0
242 253 108.0 48.0
238 242 215.0 92.0
238 240 114.0 65.0
243 248 61.0 51.0
248 261 84.0 75.0
261 269 42.0 72.0
273 281 27.0 99.0
281 290 48.0 74.0
278 288 49.0 16.0
259 278 95.0 61.0
278 296 75.0 16.0
250 255 21.0 80.0
260 266 43.0 49.0
250 260 30.0 63.0
283 293 49.0 76.0
246 283 199.0 4.0
240 241 45.0 19.0
240 244 111.0 74.0
240 243 101.0 82.0
256 265 49.0 9.0
242 256 120.0 49.0
242 254 112.0 9.0
254 280 114.0 14.0
130 132 32.0 17.0
132 135 41.0 4.0
135 142 53.0 59.0
142 151 42.0 30.0
174 195 89.0 5.0
174 179 41.0 59.0
169 174 22.0 19.0
148 150 18.0 45.0
145 148 8.0 60.0
148 152 19.0 64.0
152 155 17.0 42.0
150 155 18.0 25.0
140 145 45.0 76.0
198 218 86.0 44.0
196 198 21.0 71.0
178 196 73.0 53.0
158 178 107.0 36.0
158 166 40.0 26.0
166 176 57.0 55.0
176 181 28.0 89.0
181 189 77.0 60.0
171 189 75.0 8.0
233 234 4.0 84.0
224 233 19.0 14.0
212 224 35.0 11.0
207 212 29.0 45.0
197 207 36.0 99.0
197 204 29.0 6.0
171 197 117.0 88.0
165 171 38.0 88.0
160 165 33.0 42.0
165 179 82.0 58.0
157 169 72.0 30.0
142 157 73.0 35.0
204 206 4.0 37.0
146 160 66.0 49.0
131 146 135.0 75.0
130 131 11.0 23.0
126 130 132.0 59.0
147 158 58.0 72.0
140 147 49.0 61.0
133 140 60.0 4.0
130 133 37.0 9.0
204 219 63.0 13.0
219 229 18.0 60.0
243 247 57.0 88.0
247 258 96.0 97.0
247 251 44.0 3.0
251 267 75.0 72.0
263 267 32.0 70.0
258 294 163.0 3.0
249 258 51.0 91.0
258 263 28.0 43.0
263 276 61.0 28.0
269 273 12.0 42.0
269 276 203.0 61.0
285 291 34.0 39.0
276 285 32.0 17.0
244 249 63.0 27.0
244 252 93.0 64.0
249 274 132.0 26.0
273 289 74.0 89.0
103 111 50.0 57.0
86 95 37.0 53.0
79 86 68.0 12.0
59 63 44.0 49.0
98 114 69.0 30.0
83 98 101.0 14.0
90 100 32.0 2.0
88 90 22.0 68.0
93 101 26.0 78.0
101 116 80.0 98.0
87 103 64.0 59.0
102 109 43.0 53.0
85 102 72.0 62.0
85 91 37.0 17.0
91 99 29.0 44.0
107 117 36.0 47.0
94 107 68.0 55.0
107 113 17.0 38.0
64 67 52.0 96.0
61 64 34.0 59.0
59 61 28.0 11.0
50 59 193.0 26.0
84 93 43.0 42.0
81 84 43.0 75.0
76 81 51.0 69.0
72 76 76.0 36.0
68 72 85.0 54.0
65 69 111.0 96.0
65 68 108.0 17.0
62 65 41.0 60.0
58 62 50.0 15.0
56 58 67.0 29.0
54 56 58.0 5.0
50 54 55.0 13.0
37 50 103.0 32.0
88 94 32.0 23.0
83 88 50.0 16.0
68 83 222.0 13.0
93 113 245.0 85.0
77 85 69.0 82.0
67 77 264.0 74.0
75 79 59.0 19.0
79 87 71.0 94.0
73 75 35.0 1.0
71 73 41.0 4.0
70 71 32.0 43.0
69 70 28.0 71.0
94 97 16.0 27.0
97 106 48.0 74.0
1 105 479.31 24.40
1 224 1246.36 57.95
1 47 1244.66 53.83
2 62 666.01 99.42
2 210 826.46 77.39
2 172 586.85 20.81
3 162 785.95 96.77
3 31 356.61 93.84
3 113 317.59 70.05
4 55 844.00 42.53
4 250 1027.95 73.72
4 139 628.42 49.20
5 192 943.86 20.18
5 87 1232.10 37.23
5 287 7.17 51.93
6 280 471.18 10.61
6 197 117.53 6.59
6 198 245.35 19.51
7 260 304.25 82.58
7 192 1192.73 29.11
7 149 321.66 85.23
8 146 743.06 71.13
8 255 1489.05 8.13
8 40 1023.01 48.97
9 51 1554.05 10.36
9 24 1182.58 12.23
9 21 1317.82 13.94
10 97 255.17 70.71
10 76 249.73 51.30
10 297 23.26 24.43
11 52 426.87 58.99
11 173 436.51 67.23
11 223 961.78 62.03
12 57 254.67 32.65
12 128 815.32 8.33
12 117 954.64 46.49
13 91 534.33 24.55
13 185 1406.85 33.33
13 206 146.67 37.53
14 52 7.27 84.61
14 70 427.07 64.78
14 209 804.37 17.46
15 114 494.33 13.40
15 218 872.61 79.41
15 187 1258.60 43.45
16 286 326.45 42.63
16 255 371.50 44.62
16 244 517.03 87.68
17 121 419.45 37.21
17 260 769.39 42.98
17 195 812.74 65.08
18 72 1122.66 55.67
18 153 1058.52 80.00
18 171 311.10 79.70
19 235 14.42 99.17
19 121 1334.08 53.78
19 20 676.38 34.28
20 225 1030.45 76.52
20 144 15.68 12.17
20 22 521.15 72.17
21 26 818.65 90.81
21 105 315.74 89.42
21 248 736.70 48.58
22 174 1189.69 42.95
22 107 436.40 43.96
22 114 1066.56 6.37
23 134 808.40 21.01
23 67 1552.63 86.17
23 21 645.24 68.70
24 293 523.72 72.80
24 140 747.76 85.96
24 252 1439.79 11.69
25 44 449.58 7.99
25 181 536.15 99.30
25 73 1199.62 28.62
26 299 1416.34 4.66
26 143 640.25 44.98
26 234 1527.88 83.59
27 187 703.34 42.58
27 63 1288.70 91.26
27 7 1098.43 16.29
28 98 1117.46 53.78
28 18 1085.93 74.91
28 276 1343.43 64.89
29 69 1428.61 92.34
29 133 937.61 33.52
29 180 1464.42 79.17
30 203 355.23 92.90
30 99 676.99 31.49
30 106 1322.71 64.52
31 145 1101.58 78.31
31 38 995.33 70.66
31 259 391.50 80.45
32 96 1173.58 48.56
32 65 1002.34 53.35
32 5 1295.68 71.49
33 54 1113.51 84.12
33 53 1285.63 86.90
33 7 1019.34 94.50
34 86 1418.80 8.75
34 249 604.79 26.04
34 98 117.35 39.82
35 256 973.69 87.94
35 223 341.29 17.18
35 131 899.22 96.90
36 89 522.67 23.66
36 214 130.73 18.59
36 181 1177.13 16.12
37 13 912.51 96.86
37 199 1043.66 23.49
37 144 1108.36 13.46
38 84 558.58 11.44
38 25 317.75 80.70
38 288 810.63 91.45
39 110 415.32 67.38
39 147 1038.02 44.19
39 202 324.60 21.96
40 257 550.67 51.30
40 266 29.41 11.42
40 190 72.16 6.12
41 148 356.56 58.62
41 128 419.00 30.69
41 130 356.53 12.04
42 261 218.60 61.97
42 110 1358.46 36.95
42 251 629.82 98.20
43 207 76.12 32.88
43 34 1391.38 66.85
43 143 967.12 64.72
44 39 1553.58 79.27
44 172 1260.29 81.86
44 86 1187.19 55.26
45 118 181.98 47.61
45 25 352.65 55.44
45 254 749.75 21.75
46 282 556.45 41.52
46 50 1102.03 68.87
46 100 1059.99 96.54
47 110 982.30 24.54
47 69 1165.16 69.66
47 103 1604.32 31.33
48 3 364.25 76.84
48 204 1019.58 2.34
48 219 626.48 89.11
49 19 1338.91 75.27
49 48 814.38 55.17
49 227 158.21 35.41
50 116 280.43 49.65
50 130 1440.11 43.03
50 48 1564.69 40.62
51 229 1584.65 80.73
51 57 129.93 39.50
51 261 186.26 48.05
52 28 1373.95 69.30
52 60 699.32 41.22
52 206 1278.29 18.50
53 166 197.45 72.90
53 260 406.98 57.26
53 24 1424.77 13.35
54 184 999.92 9.76
54 263 1070.99 10.53
54 101 743.79 8.53
55 174 601.18 60.95
55 112 1598.67 54.29
55 162 329.34 3.58
56 134 1049.18 92.95
56 91 783.16 75.33
56 260 1186.10 49.35
57 14 56.07 70.68
57 182 688.51 34.21
57 98 445.80 10.06
58 156 1295.79 12.68
58 114 809.87 13.14
58 24 1456.91 45.17
59 57 57.46 11.09
59 20 275.27 51.77
59 26 429.73 26.12
60 79 351.15 28.60
60 124 1359.71 86.86
60 184 86.30 35.83
61 93 1177.84 87.56
61 288 1217.01 22.75
61 108 265.36 76.79
62 32 1121.53 81.19
62 33 1548.82 83.30
62 261 654.86 45.33
63 12 94.59 8.28
63 58 525.73 16.10
63 300 1286.25 78.03
64 107 1110.69 88.06
64 288 1037.52 65.92
64 204 200.30 74.49
65 218 1601.74 67.32
65 166 868.93 48.64
65 72 1467.82 15.74
66 210 313.51 43.83
66 90 805.02 55.60
66 195 112.74 5.81
67 12 185.18 30.69
67 165 1494.82 57.30
67 180 529.51 42.91
68 227 1100.56 80.04
68 225 402.59 37.48
68 285 440.22 7.94
69 67 905.75 22.83
69 167 340.27 37.83
69 174 509.04 75.73
70 47 1297.45 32.43
70 261 676.39 19.97
70 83 188.97 10.71
71 238 755.86 26.91
71 275 844.45 81.65
71 54 842.66 21.72
72 1 1332.53 61.49
72 151 373.84 65.52
72 242 1400.49 85.28
73 290 1122.64 80.34
73 209 1144.25 18.26
73 206 507.95 41.52
74 226 578.87 63.94
74 178 1572.53 93.56
74 128 661.24 31.20
75 53 1238.21 87.03
75 19 1296.93 62.72
75 205 1079.94 84.13
76 164 655.54 55.30
76 126 788.02 12.69
76 66 57.00 2.17
77 131 1032.86 41.19
77 145 61.93 50.43
77 44 569.17 34.23
78 25 961.49 62.88
78 171 206.78 94.25
78 255 715.00 42.36
79 168 689.04 48.17
79 285 1333.05 66.46
79 95 1316.03 33.16
80 111 86.92 4.85
80 47 92.96 46.74
80 292 450.73 3.40
81 291 1510.59 83.51
81 262 1073.06 42.63
81 60 1347.74 29.39
82 69 748.51 22.19
82 41 1025.68 20.18
82 91 279.25 93.07
83 207 1049.55 70.37
83 141 369.49 99.65
83 100 1455.91 62.94
84 70 857.47 71.95
84 224 671.08 38.47
84 65 658.86 33.30
85 143 1148.02 92.57
85 251 820.19 27.35
85 183 212.35 73.79
86 146 775.25 25.37
86 172 468.17 86.64
86 208 451.64 88.77
87 241 565.66 80.08
87 229 575.03 73.66
87 66 962.52 46.04
88 12 1602.80 23.00
88 174 434.71 80.08
88 101 948.94 72.29
89 175 643.57 83.89
89 86 1203.80 15.28
89 132 1575.63 38.91
90 85 908.88 75.26
90 16 991.36 86.38
90 232 1160.04 61.79
91 113 914.64 62.44
91 197 841.69 2.17
91 76 1188.61 62.77
92 184 538.37 37.48
92 171 309.54 21.11
92 106 704.52 70.55
93 261 845.34 49.48
93 164 1113.88 52.92
93 88 367.21 50.74
94 118 149.90 95.80
94 164 493.65 42.04
94 126 1088.26 45.49
95 88 179.77 40.26
95 275 1497.65 81.45
95 72 870.56 57.34
96 201 764.97 50.16
96 60 962.24 3.31
96 94 685.31 92.46
97 142 793.16 57.54
97 256 658.31 45.76
97 103 645.78 87.34
98 100 303.67 2.61
98 125 310.53 85.37
98 223 441.40 79.42
99 297 884.69 87.46
99 274 1516.52 29.31
99 17 32.01 94.83
100 295 1066.64 10.55
100 19 1389.02 40.24
100 201 66.90 23.33
101 173 888.05 74.61
101 201 1463.97 22.55
101 146 612.29 32.29
102 230 643.29 60.25
102 182 889.39 96.41
102 127 1055.25 6.24
103 159 1181.70 56.20
103 267 1143.51 53.72
103 87 426.55 44.36
104 212 299.45 2.55
104 5 1053.89 78.26
104 168 775.41 95.72
105 270 532.84 93.04
105 73 1602.39 55.99
105 219 354.06 11.90
106 275 531.56 85.52
106 108 1605.21 56.68
106 87 377.46 33.02
107 64 834.05 9.02
107 130 597.41 5.93
107 24 767.88 13.81
108 139 161.28 83.22
108 276 1193.68 20.41
108 203 1276.79 52.13
109 164 1039.41 82.25
109 182 286.39 70.05
109 241 9.39 77.00
110 116 1470.67 41.08
110 110 536.73 16.24
110 232 538.53 84.38
111 180 610.16 94.77
111 192 483.48 29.36
111 260 1590.16 15.17
112 56 1251.79 21.26
112 122 1312.06 11.28
112 246 1240.51 32.98
113 279 717.68 99.08
113 102 365.98 85.57
113 211 159.91 96.50
114 128 453.08 34.37
114 123 141.75 84.08
114 288 707.90 58.40
115 179 16.11 18.14
115 146 242.65 1.69
115 136 987.52 37.19
116 244 688.25 31.50
116 275 241.34 18.70
116 151 46.92 66.26
117 267 227.32 26.26
117 162 294.61 94.99
117 231 472.94 62.03
118 131 890.63 38.51
118 89 889.58 84.12
118 269 1238.53 52.24
119 84 317.02 59.08
119 26 1081.64 41.95
119 119 122.79 43.99
120 222 1566.62 62.59
120 170 222.58 50.11
120 225 34.56 10.00
121 77 1059.92 16.79
121 28 21.35 68.33
121 133 1115.38 37.55
122 204 1424.79 72.67
122 14 931.63 28.94
122 149 1556.95 45.11
123 268 774.12 79.24
123 23 804.94 23.44
123 102 564.05 36.81
124 142 1249.41 70.67
124 76 1526.33 88.84
124 292 1504.03 41.75
125 143 1470.98 73.82
125 238 337.65 23.66
125 234 532.93 2.57
126 96 1037.73 20.19
126 14 867.84 13.93
126 186 64.38 35.78
127 159 714.42 6.55
127 285 754.63 17.98
127 125 196.65 43.99
128 60 340.01 73.59
128 183 1445.11 48.48
128 2 1184.44 31.55
129 24 1061.96 91.16
129 22 1515.92 20.85
129 62 1401.93 60.32
130 137 1004.46 69.27
130 233 119.43 40.45
130 35 1481.74 72.96
131 156 1026.64 66.31
131 40 136.65 57.56
131 148 1339.49 28.00
132 269 134.50 92.12
132 60 560.48 68.43
132 177 1416.35 21.00
133 287 1332.31 21.69
133 271 1005.81 61.16
133 278 1347.74 22.22
134 166 821.37 14.21
134 198 965.06 4.28
134 79 238.50 37.13
135 207 700.55 42.43
135 193 367.93 99.50
135 106 1386.03 19.95
136 126 459.24 10.15
136 151 164.04 12.98
136 51 472.84 95.66
137 180 1259.21 63.20
137 35 73.15 98.20
137 202 474.60 77.31
138 148 221.75 35.33
138 71 1084.46 11.34
138 202 1193.47 47.67
139 33 621.93 44.90
139 170 389.35 16.86
139 163 1455.21 24.97
140 91 493.70 4.86
140 285 1021.06 31.66
140 181 1224.05 41.64
141 151 319.39 83.39
141 176 528.80 93.06
141 128 1491.60 23.54
142 234 366.31 57.15
142 234 1190.11 19.58
142 244 146.44 17.46
143 279 1335.83 37.35
143 32 1531.68 54.37
143 288 944.14 58.44
144 46 725.31 44.24
144 105 1117.40 3.77
144 93 1281.37 93.28
145 40 725.32 5.22
145 280 622.97 71.72
145 275 1289.81 7.18
146 179 938.70 55.51
146 41 1305.50 8.45
146 120 808.87 70.13
147 115 1323.86 56.45
147 213 450.90 37.41
147 194 1325.36 4.83
148 142 1350.29 43.56
148 221 149.84 71.12
148 177 1017.12 44.16
149 241 1052.60 27.69
149 283 1203.67 68.21
149 167 754.00 98.48
150 60 1614.41 46.56
150 93 128.12 21.30
150 124 1216.18 94.77
151 270 1126.70 10.50
151 247 862.36 1.75
151 205 842.09 5.80
152 43 933.83 19.71
152 199 1115.28 32.60
152 73 1500.36 57.95
153 278 1363.34 76.80
153 175 1263.34 59.93
153 194 93.46 16.73
154 235 585.83 98.93
154 8 987.15 44.75
154 7 1155.49 4.75
155 232 1238.87 48.37
155 296 733.91 85.87
155 122 1015.58 29.73
156 73 1166.87 3.32
156 163 1377.99 52.06
156 62 412.23 5.74
157 17 1478.88 84.19
157 158 1258.02 26.13
157 118 808.64 45.03
158 1 1040.09 42.45
158 35 787.43 10.83
158 198 18.54 14.93
159 158 1535.78 39.76
159 124 1047.93 27.39
159 127 951.60 71.68
160 235 1295.67 87.24
160 204 1617.29 7.53
160 237 884.89 22.92
161 30 364.18 42.93
161 28 608.30 87.52
161 155 196.87 42.45
162 206 1273.11 56.29
162 58 258.40 34.30
162 128 226.41 78.42
163 166 683.36 98.37
163 262 77.74 15.74
163 75 1169.69 81.78
164 216 203.62 24.82
164 10 1559.16 81.82
164 31 43.03 52.80
165 12 133.62 2.16
165 41 481.13 16.50
165 218 323.33 19.68
166 168 1192.94 77.26
166 223 1375.84 32.62
166 137 1016.17 24.69
167 128 861.77 45.43
167 155 669.98 25.09
167 178 227.69 31.33
168 293 245.05 92.87
168 255 370.51 71.06
168 182 524.48 30.32
169 114 784.10 88.80
169 214 690.18 6.50
169 184 360.87 27.00
170 181 86.33 52.79
170 60 323.75 78.53
170 57 164.61 84.61
171 118 873.20 91.71
171 126 144.83 23.22
171 177 198.66 56.04
172 147 859.20 9.40
172 151 571.43 60.70
172 36 1235.38 7.83
173 138 1307.72 74.39
173 146 1004.32 59.27
173 285 1510.51 98.26
174 157 1402.06 18.77
174 70 957.74 87.89
174 125 581.60 27.93
175 137 1583.56 90.98
175 256 829.25 11.91
175 107 225.16 46.45
176 12 1158.31 46.61
176 9 154.42 93.97
176 118 92.98 44.68
177 150 575.41 10.79
177 174 1368.35 27.35
177 143 691.71 29.39
178 274 234.53 96.23
178 257 1281.53 44.60
178 206 1301.80 14.00
179 179 1101.66 88.57
179 273 311.60 66.91
179 157 1493.61 60.21
180 86 327.67 89.41
180 290 98.44 46.93
180 77 1439.01 3.91
181 64 1501.23 17.42
181 28 802.18 95.88
181 254 1404.66 81.43
182 13 831.62 30.56
182 151 1373.72 8.55
182 28 1377.86 44.89
183 72 1217.15 62.36
183 210 242.18 75.62
183 132 425.13 84.89
184 243 1270.09 37.74
184 18 1443.40 57.49
184 153 164.18 18.59
185 136 1355.23 1.07
185 223 6.02 28.47
185 58 954.24 60.11
186 227 144.80 99.85
186 195 656.79 69.00
186 160 251.04 82.29
187 141 72.38 45.42
187 150 53.71 83.08
187 257 711.06 80.50
188 255 666.01 25.42
188 213 494.31 99.14
188 16 796.22 38.45
189 65 67.19 14.69
189 300 152.15 80.04
189 143 1056.33 89.58
190 215 126.06 95.38
190 267 1374.96 33.78
190 135 1246.22 43.64
191 236 1493.84 62.30
191 54 664.80 3.85
191 292 752.18 67.79
192 92 833.34 42.12
192 203 843.22 86.22
192 112 688.63 60.74
193 290 484.49 6.45
193 242 462.64 69.46
193 136 206.80 86.77
194 66 170.06 32.44
194 266 1553.42 56.22
194 170 957.61 6.57
195 161 577.91 28.45
195 252 1539.83 55.89
195 216 891.14 53.16
196 10 1463.71 54.87
196 273 1398.80 41.92
196 99 1228.93 99.70
197 284 856.03 12.17
197 73 814.83 59.71
197 201 1072.11 16.44
198 24 835.58 37.05
198 235 1591.07 59.80
198 133 1123.45 84.47
199 163 1051.14 84.27
199 19 787.72 30.51
199 58 758.75 1.61
200 164 952.64 67.15
200 11 968.00 82.44
200 29 1298.12 62.92
201 261 1265.91 86.83
201 221 1450.41 78.79
201 196 186.47 61.90
202 114 196.28 47.14
202 35 473.79 3.74
202 216 661.81 54.82
203 161 524.16 78.01
203 12 291.79 91.07
203 29 1172.16 94.16
204 101 208.94 73.45
204 43 436.28 94.90
204 149 472.72 24.47
205 259 813.22 87.77
205 39 363.72 2.56
205 243 500.12 69.06
206 201 193.21 90.34
206 153 93.80 87.26
206 172 418.14 34.63
207 129 1587.99 5.33
207 2 458.42 75.90
207 290 1143.02 45.61
208 133 614.28 89.84
208 76 187.28 1.07
208 89 1009.40 23.62
209 79 1595.33 40.81
209 145 682.26 52.32
209 106 301.94 22.17
210 289 291.64 44.46
210 172 947.66 14.97
210 115 153.05 57.02
211 147 252.42 70.20
211 142 338.30 47.66
211 279 386.10 45.57
212 125 1160.75 69.97
212 262 521.93 38.84
212 246 1295.33 27.57
213 102 338.41 63.32
213 229 282.73 8.67
213 258 1489.56 67.51
214 299 1481.18 88.26
214 258 413.11 34.84
214 234 83.70 90.92
215 230 770.67 46.63
215 128 1469.56 5.11
215 144 315.08 69.23
216 251 198.80 35.49
216 201 289.46 23.08
216 6 1374.56 28.45
217 181 731.96 31.07
217 158 1050.02 20.17
217 210 1233.77 11.76
218 158 350.18 6.07
218 205 352.58 49.61
218 40 268.71 90.33
219 66 1064.41 21.30
219 91 1244.92 64.09
219 231 154.45 71.09
220 77 1156.95 81.94
220 85 680.67 37.35
220 109 1091.10 71.50
221 239 597.85 91.37
221 113 1118.02 68.69
221 273 1105.71 28.94
222 287 320.95 88.45
222 271 435.20 57.53
222 20 1245.31 80.61
223 26 222.07 67.96
223 123 865.77 63.05
223 176 1391.62 35.89
224 28 952.20 44.42
224 267 491.42 82.55
224 50 935.63 36.20
225 53 711.95 80.79
225 144 214.11 29.45
225 198 142.34 77.16
226 92 1158.32 59.82
226 274 924.58 54.94
226 300 18.38 16.89
227 29 616.80 92.50
227 222 1542.76 48.41
227 6 198.93 73.25
228 22 117.91 18.66
228 8 330.42 94.53
228 161 1516.83 6.86
229 39 1551.35 88.46
229 111 64.68 11.26
229 185 252.00 6.38
230 156 1123.44 12.93
230 299 228.83 33.00
230 209 190.48 65.28
231 85 261.64 22.74
231 115 244.33 50.83
231 176 1286.82 74.75
232 258 1225.61 86.40
232 211 1269.50 84.13
232 285 1220.90 14.76
233 158 1595.90 74.82
233 106 32.26 93.36
233 46 959.12 86.13
234 77 1217.94 28.43
234 152 436.36 32.50
234 165 380.95 2.77
235 282 565.75 47.43
235 106 1556.30 62.87
235 74 1247.64 60.75
236 44 1438.09 94.05
236 212 30.08 79.30
236 116 122.65 38.00
237 196 1503.41 44.26
237 55 1511.72 84.91
237 106 1366.52 23.84
238 222 1367.94 33.93
238 47 467.60 47.72
238 260 1579.78 19.90
239 176 14.64 39.16
239 141 1098.32 64.79
239 146 1564.82 91.78
240 249 6.69 61.11
240 124 1012.58 68.23
240 51 807.38 80.58
241 245 1073.77 17.99
241 35 1018.93 57.08
241 123 95.61 14.12
242 254 1468.30 95.48
242 247 589.70 89.69
242 148 12.92 87.45
243 94 1366.96 92.94
243 291 1582.96 68.51
243 66 156.10 30.54
244 19 1455.54 37.85
244 73 1120.77 68.62
244 47 405.27 78.38
245 41 606.99 68.16
245 107 879.84 46.13
245 277 559.61 58.25
246 115 1184.28 72.13
246 52 352.62 51.24
246 58 497.98 22.93
247 86 462.13 77.82
247 200 1582.70 75.78
247 2 1388.44 58.86
248 207 457.38 38.20
248 89 877.62 76.52
248 130 925.05 97.08
249 66 855.63 6.06
249 201 453.65 24.11
249 45 187.62 54.74
250 204 907.48 64.11
250 115 1551.49 30.84
250 193 1486.66 41.48
251 196 1230.81 83.72
251 15 1090.91 69.29
251 153 718.58 8.00
252 59 1189.01 5.75
252 119 212.84 69.37
252 214 618.25 25.17
253 206 1034.41 24.80
253 127 845.66 70.01
253 52 905.95 18.62
254 229 191.63 40.88
254 40 701.96 15.06
254 128 534.39 16.61
255 67 1527.25 7.40
255 106 369.92 81.18
255 254 896.38 40.27
256 171 1315.54 92.54
256 35 848.31 64.25
256 159 746.21 68.59
257 237 1229.81 57.94
257 109 1424.06 6.40
257 129 876.30 9.84
258 295 112.73 29.91
258 258 1251.87 22.11
258 103 1344.89 56.68
259 297 41.83 11.19
259 140 1363.48 12.13
259 261 504.45 96.82
260 90 677.13 69.81
260 21 375.15 59.25
260 238 1004.65 12.62
261 144 1386.91 94.96
261 139 858.60 68.04
261 254 749.60 69.06
262 166 212.52 94.00
262 74 64.64 51.79
262 61 703.73 78.22
263 130 483.24 48.91
263 228 309.35 87.13
263 6 1247.70 6.04
264 196 1254.76 80.99
264 276 758.06 7.80
264 186 978.58 92.20
265 126 787.97 56.43
265 190 1232.96 35.87
265 75 1434.43 87.56
266 155 517.31 42.62
266 158 254.06 3.89
266 233 399.05 41.48
267 54 957.39 44.17
267 43 1066.82 86.47
267 234 1479.82 93.01
268 173 1014.19 21.70
268 77 980.11 99.13
268 89 1119.68 99.58
269 205 723.29 34.39
269 151 1235.24 36.45
269 155 1544.65 58.08
270 205 100.62 35.42
270 43 858.41 48.84
270 233 587.07 63.65
271 160 587.73 53.92
271 102 1367.28 69.55
271 78 523.82 75.80
272 241 822.20 4.29
272 189 611.20 59.12
272 290 381.61 16.14
273 242 507.50 45.24
273 143 453.94 93.74
273 72 1476.41 88.94
274 156 253.23 92.97
274 293 53.24 78.07
274 211 1081.98 45.87
275 257 780.76 71.90
275 295 121.32 86.76
275 235 1511.11 98.66
276 192 320.92 33.42
276 195 1012.94 71.58
276 4 1004.78 34.80
277 11 65.23 51.13
277 14 1593.36 98.71
277 130 422.79 83.61
278 170 1300.59 19.39
278 3 436.94 54.44
278 8 217.37 58.81
279 194 1610.79 42.44
279 78 1465.80 62.26
279 233 868.76 54.47
280 91 1144.56 13.60
280 17 1011.51 4.35
280 100 586.48 42.16
281 183 48.87 40.67
281 226 1065.12 6.28
281 10 561.63 2.59
282 191 321.49 78.34
282 39 471.19 38.75
282 179 759.38 83.46
283 193 679.25 85.77
283 295 1353.09 65.52
283 163 1558.99 6.78
284 51 649.97 46.75
284 102 464.79 84.88
284 142 546.63 40.50
285 265 569.78 83.59
285 141 911.45 93.57
285 192 677.45 65.41
286 85 664.77 16.67
286 79 275.87 79.13
286 65 376.05 5.44
287 9 589.23 69.71
287 113 1173.14 26.01
287 269 153.94 91.46
288 42 212.00 12.12
288 114 1269.91 56.31
288 85 601.27 44.29
289 40 29.31 1.37
289 169 946.38 49.36
289 53 738.46 76.91
290 8 852.22 93.57
290 233 193.93 75.83
290 60 1237.67 93.07
291 75 819.82 63.42
291 164 1021.29 49.31
291 233 230.25 84.83
292 54 731.31 20.15
292 36 618.99 8.01
292 267 1068.68 89.58
293 213 797.37 4.22
293 9 22.91 45.31
293 204 498.94 57.24
294 144 477.99 76.13
294 186 88.32 55.64
294 64 872.17 35.75
295 194 378.68 65.64
295 140 102.96 42.59
295 115 1357.15 37.67
296 117 501.32 89.26
296 79 857.57 60.26
296 10 1238.85 29.70
297 78 1368.42 5.88
297 69 120.81 34.39
297 189 1505.67 23.30
298 24 1216.29 7.55
298 68 1262.09 28.10
298 283 1278.63 89.58
299 138 778.74 97.56
299 100 1410.53 55.18
299 131 781.96 33.49
300 80 1271.33 92.41
300 84 802.19 67.34
300 95 250.52 3.10

VEHICLES: 1
70 180