NAME: OLEMBURG
TYPE: VRP
COMMENT: ARTIFICIAL
DIMENSION: 300
EDGE_WEIGHT_TYPE : EUC
ARISTAS: 1524
NODE_COORD_SECTION
293 299 1562 0
2 5 1579 0
5 7 1434 0
7 11 1426 0
11 37 1385 0
1 3 1397 0
3 4 1607 0
4 6 1360 0
126 128 80 2
239 270 124 2
238 239 91 2
237 238 122 2
236 237 96 2
184 236 1444 0
129 184 107 2
126 129 146 2
125 126 82 2
123 125 136 2
121 123 122 2
118 121 1372 0
118 119 1432 0
124 138 133 2
120 124 91 2
119 120 1431 0
119 122 1351 0
122 127 123 2
127 201 94 2
66 78 19 4
66 82 13 4
12 14 1585 0
6 8 1564 0
8 10 1450 0
10 12 1524 0
12 16 1394 0
6 9 1405 0
16 20 1430 0
20 25 1427 0
25 32 1377 0
112 115 1369 0
108 112 1442 0
105 108 1435 0
48 49 112 2
39 48 125 2
34 39 108 2
39 46 80 2
18 23 1484 0
16 18 1479 0
14 18 1611 0
32 44 108 2
51 52 105 2
43 52 114 2
40 42 123 2
42 45 154 2
40 43 154 2
28 43 1449 0
24 28 1488 0
28 35 1376 0
66 74 20 4
74 80 17 4
74 92 5 4
92 104 1512 0
31 38 152 2
26 31 1396 0
20 31 1439 0
15 23 1472 0
38 44 106 2
96 105 1485 0
74 96 19 4
29 41 1389 0
29 34 1473 0
22 29 1380 0
22 36 1500 0
19 22 1615 0
19 30 1489 0
15 19 1487 0
14 15 1543 0
57 60 87 2
55 57 138 2
53 55 94 2
51 53 141 2
49 51 148 2
47 49 153 2
46 51 83 2
41 46 97 2
36 41 118 2
30 36 85 2
26 30 1417 0
23 26 1546 0
24 40 1382 0
17 24 1504 0
13 17 1595 0
10 13 1529 0
25 38 1522 0
35 47 125 2
34 35 145 2
9 21 1564 0
21 27 1419 0
27 33 1449 0
33 66 96 2
80 89 12 4
89 110 21 4
139 159 150 2
134 139 110 2
139 144 97 2
144 156 141 2
213 222 113 2
128 134 160 2
193 215 1448 0
190 193 1466 0
191 199 1547 0
199 211 1538 0
211 226 129 2
205 214 1420 0
191 205 1595 0
185 191 1550 0
180 185 1565 0
173 180 12 4
167 173 29 4
164 167 17 4
159 164 16 4
159 162 26 4
162 194 12 4
194 227 1406 0
209 223 1554 0
223 235 108 2
209 217 1571 0
202 220 1382 0
186 202 1445 0
183 186 1492 0
186 209 1474 0
172 183 18 4
183 200 1404 0
200 210 1403 0
210 213 158 2
216 221 104 2
221 231 152 2
225 231 145 2
216 225 145 2
199 216 1602 0
213 232 136 2
164 177 14 4
182 188 1368 0
172 182 6 4
182 187 1406 0
187 192 1574 0
188 192 1553 0
161 172 25 4
136 137 153 2
134 136 136 2
136 143 151 2
143 149 91 2
149 154 96 2
154 170 10 4
168 170 5 4
151 161 10 4
161 168 7 4
168 175 11 4
163 175 14 4
153 163 1 4
141 153 119 2
137 141 106 2
208 230 1368 0
190 208 1452 0
162 190 27 4
203 228 1466 0
185 203 1454 0
255 277 26 4
277 284 1466 0
277 300 1352 0
275 282 1456 0
282 287 1501 0
286 287 1427 0
275 286 1495 0
271 275 1506 0
268 271 29 4
264 268 11 4
268 279 18 4
272 279 1372 0
262 272 21 4
262 264 7 4
255 262 11 4
245 250 13 4
245 246 27 4
241 245 18 4
284 297 1551 0
284 295 1453 0
257 298 21 4
254 257 20 4
257 259 24 4
253 292 18 4
242 253 11 4
238 242 118 2
238 240 135 2
243 248 14 4
248 261 21 4
261 269 14 4
273 281 1367 0
281 290 1615 0
278 288 1547 0
259 278 15 4
278 296 1435 0
250 255 27 4
260 266 33 4
250 260 22 4
283 293 1471 0
246 283 9 4
240 241 1 4
240 244 26 4
240 243 21 4
256 265 12 4
242 256 28 4
242 254 23 4
254 280 22 4
130 132 149 2
132 135 135 2
135 142 159 2
142 151 135 2
174 195 25 4
174 179 31 4
169 174 5 4
148 150 117 2
145 148 138 2
148 152 140 2
152 155 19 4
150 155 9 4
140 145 94 2
198 218 1370 0
196 198 1608 0
178 196 4 4
158 178 10 4
158 166 31 4
166 176 2 4
176 181 18 4
181 189 1605 0
171 189 4 4
233 234 108 2
224 233 94 2
212 224 97 2
207 212 1452 0
197 207 1579 0
197 204 1468 0
171 197 22 4
165 171 28 4
160 165 13 4
165 179 6 4
157 169 19 4
142 157 94 2
204 206 1547 0
146 160 153 2
131 146 133 2
130 131 102 2
126 130 157 2
147 158 126 2
140 147 159 2
133 140 130 2
130 133 115 2
204 219 1429 0
219 229 109 2
243 247 17 4
247 258 5 4
247 251 11 4
251 267 7 4
263 267 5 4
258 294 26 4
249 258 9 4
258 263 12 4
263 276 21 4
269 273 2 4
269 276 20 4
285 291 1353 0
276 285 1549 0
244 249 26 4
244 252 11 4
249 274 26 4
273 289 1614 0
103 111 1615 0
86 95 26 4
79 86 12 4
59 63 105 2
98 114 1574 0
83 98 20 4
90 100 1556 0
88 90 6 4
93 101 1421 0
101 116 1549 0
87 103 10 4
102 109 1448 0
85 102 27 4
85 91 21 4
91 99 1503 0
107 117 1577 0
94 107 1359 0
107 113 1565 0
64 67 3 4
61 64 7 4
59 61 81 2
50 59 87 2
84 93 1 4
81 84 17 4
76 81 9 4
72 76 8 4
68 72 7 4
65 69 2 4
65 68 17 4
62 65 1 4
58 62 120 2
56 58 95 2
54 56 90 2
50 54 146 2
37 50 144 2
88 94 4 4
83 88 16 4
68 83 22 4
93 113 1609 0
77 85 3 4
67 77 8 4
75 79 9 4
79 87 8 4
73 75 29 4
71 73 13 4
70 71 8 4
69 70 14 4
94 97 1577 0
97 106 1508 0
1 225 1363 0
1 65 1596 0
1 153 1373 0
1 283 1485 0
2 8 1388 0
2 245 1375 0
2 46 1372 0
2 181 1472 0
3 139 1609 0
3 203 1425 0
3 130 1411 0
3 205 1423 0
4 226 1386 0
4 34 1460 0
4 57 1555 0
4 260 1558 0
5 59 1365 0
5 251 1533 0
5 299 1487 0
5 194 1618 0
6 166 1438 0
6 175 1485 0
6 137 1571 0
6 283 1578 0
7 178 1514 0
7 15 1391 0
7 9 1524 0
7 118 1511 0
8 165 1456 0
8 128 1460 0
8 240 1503 0
8 250 1484 0
9 43 1552 0
9 73 1508 0
9 273 1550 0
9 207 1396 0
10 268 1371 0
10 96 1546 0
10 176 1382 0
10 87 1515 0
11 273 1460 0
11 2 1597 0
11 281 1466 0
11 114 1583 0
12 96 1559 0
12 27 1604 0
12 298 1546 0
12 96 1556 0
13 20 1535 0
13 290 1555 0
13 194 1492 0
13 212 1438 0
14 227 1557 0
14 295 1488 0
14 138 1579 0
14 137 1519 0
15 212 1366 0
15 21 1358 0
15 154 1527 0
15 177 1419 0
16 141 1501 0
16 10 1378 0
16 230 1485 0
16 61 1549 0
17 127 1616 0
17 51 1601 0
17 170 1463 0
17 124 1477 0
18 68 1583 0
18 8 1489 0
18 95 1441 0
18 75 1363 0
19 62 1454 0
19 147 1605 0
19 129 1496 0
19 230 1370 0
20 5 1539 0
20 167 1570 0
20 17 1617 0
20 261 1566 0
21 29 1485 0
21 122 1414 0
21 75 1488 0
21 190 1400 0
22 238 1389 0
22 207 1395 0
22 161 1394 0
22 19 1413 0
23 44 1520 0
23 33 1356 0
23 15 1425 0
23 184 1543 0
24 224 1399 0
24 219 1572 0
24 206 1351 0
24 276 1507 0
25 42 1418 0
25 177 1438 0
25 298 1452 0
25 164 1547 0
26 191 1406 0
26 166 1576 0
26 207 1397 0
26 208 1595 0
27 188 1353 0
27 143 1553 0
27 14 1384 0
27 51 1589 0
28 187 1524 0
28 26 1608 0
28 167 1414 0
28 34 1417 0
29 216 1379 0
29 70 1524 0
29 170 1427 0
29 63 1456 0
30 50 97 2
30 100 96 2
30 255 141 2
30 126 126 2
31 60 123 2
31 57 96 2
31 85 140 2
31 139 88 2
32 132 101 2
32 160 132 2
32 20 133 2
32 178 84 2
33 111 138 2
33 279 82 2
33 63 135 2
33 103 87 2
34 237 149 2
34 276 150 2
34 53 109 2
34 103 94 2
35 70 82 2
35 158 134 2
35 282 143 2
35 119 111 2
36 219 147 2
36 160 132 2
36 248 92 2
36 93 89 2
37 129 135 2
37 32 122 2
37 266 151 2
37 94 97 2
38 287 131 2
38 208 102 2
38 213 104 2
38 289 81 2
39 144 120 2
39 89 137 2
39 267 137 2
39 264 103 2
40 277 94 2
40 156 89 2
40 173 115 2
40 227 118 2
41 235 81 2
41 296 116 2
41 235 82 2
41 128 140 2
42 128 108 2
42 20 146 2
42 131 138 2
42 298 155 2
43 280 128 2
43 286 100 2
43 97 152 2
43 73 85 2
44 226 138 2
44 170 144 2
44 115 95 2
44 271 107 2
45 243 142 2
45 250 137 2
45 18 106 2
45 133 130 2
46 248 145 2
46 79 100 2
46 184 156 2
46 137 135 2
47 280 123 2
47 284 87 2
47 185 160 2
47 257 96 2
48 276 115 2
48 99 126 2
48 24 118 2
48 121 138 2
49 190 82 2
49 133 113 2
49 257 119 2
49 98 102 2
50 120 148 2
50 120 103 2
50 97 154 2
50 4 133 2
51 147 85 2
51 103 125 2
51 144 117 2
51 12 88 2
52 296 148 2
52 59 98 2
52 285 110 2
52 18 87 2
53 169 83 2
53 261 131 2
53 160 114 2
53 83 127 2
54 20 127 2
54 226 120 2
54 86 86 2
54 157 140 2
55 269 143 2
55 205 119 2
55 93 115 2
55 56 88 2
56 162 120 2
56 218 114 2
56 202 150 2
56 154 124 2
57 248 135 2
57 125 121 2
57 54 103 2
57 297 152 2
58 208 150 2
58 97 116 2
58 280 103 2
58 270 123 2
59 168 140 2
59 27 114 2
59 248 145 2
59 53 131 2
60 183 17 4
60 93 32 4
60 150 2 4
60 61 1 4
61 163 4 4
61 260 19 4
61 111 19 4
61 53 13 4
62 188 4 4
62 189 4 4
62 211 6 4
62 49 23 4
63 33 7 4
63 190 1 4
63 283 20 4
63 299 27 4
64 93 18 4
64 31 13 4
64 212 14 4
64 173 28 4
65 279 22 4
65 292 9 4
65 43 21 4
65 98 24 4
66 142 4 4
66 227 15 4
66 187 19 4
66 239 22 4
67 219 24 4
67 281 26 4
67 272 15 4
67 192 2 4
68 224 23 4
68 60 19 4
68 82 22 4
68 160 19 4
69 237 8 4
69 58 30 4
69 86 15 4
69 220 28 4
70 42 18 4
70 196 9 4
70 35 14 4
70 90 20 4
71 227 15 4
71 10 32 4
71 197 19 4
71 77 2 4
72 56 6 4
72 12 27 4
72 248 16 4
72 42 31 4
73 64 12 4
73 203 19 4
73 241 16 4
73 222 4 4
74 31 6 4
74 204 18 4
74 17 23 4
74 11 14 4
75 160 21 4
75 146 29 4
75 137 26 4
75 161 7 4
76 140 23 4
76 29 8 4
76 248 21 4
76 172 8 4
77 167 7 4
77 146 17 4
77 207 31 4
77 86 21 4
78 287 29 4
78 122 16 4
78 29 24 4
78 90 13 4
79 148 17 4
79 224 5 4
79 233 27 4
79 103 25 4
80 187 13 4
80 241 32 4
80 300 21 4
80 99 26 4
81 200 12 4
81 32 25 4
81 275 8 4
81 195 29 4
82 54 14 4
82 198 17 4
82 66 21 4
82 197 22 4
83 152 12 4
83 226 20 4
83 123 32 4
83 187 27 4
84 251 33 4
84 212 10 4
84 13 1 4
84 206 27 4
85 102 2 4
85 47 29 4
85 210 24 4
85 143 18 4
86 54 26 4
86 246 28 4
86 169 9 4
86 153 8 4
87 143 23 4
87 244 4 4
87 258 29 4
87 161 7 4
88 169 5 4
88 272 10 4
88 164 19 4
88 116 13 4
89 16 19 4
89 117 4 4
89 293 22 4
89 11 20 4
90 170 1532 0
90 113 1588 0
90 140 1372 0
90 283 1374 0
91 57 1610 0
91 206 1564 0
91 285 1518 0
91 256 1537 0
92 286 1357 0
92 218 1445 0
92 55 1434 0
92 184 1563 0
93 276 1588 0
93 280 1503 0
93 55 1435 0
93 225 1551 0
94 208 1415 0
94 214 1454 0
94 241 1477 0
94 236 1527 0
95 120 1415 0
95 291 1481 0
95 214 1382 0
95 175 1484 0
96 150 1420 0
96 188 1518 0
96 50 1591 0
96 56 1349 0
97 277 1543 0
97 225 1612 0
97 70 1504 0
97 287 1596 0
98 127 1369 0
98 49 1412 0
98 160 1430 0
98 288 1470 0
99 55 1445 0
99 208 1466 0
99 156 1522 0
99 266 1617 0
100 287 1611 0
100 117 1535 0
100 272 1431 0
100 3 1489 0
101 113 1510 0
101 119 1441 0
101 236 1501 0
101 275 1393 0
102 57 1468 0
102 93 1419 0
102 155 1525 0
102 10 1607 0
103 158 1392 0
103 55 1410 0
103 132 1527 0
103 61 1538 0
104 147 1401 0
104 160 1526 0
104 293 1549 0
104 236 1456 0
105 195 1439 0
105 1 1384 0
105 222 1523 0
105 27 1559 0
106 72 1564 0
106 160 1459 0
106 176 1585 0
106 22 1580 0
107 50 1376 0
107 54 1349 0
107 263 1611 0
107 192 1488 0
108 24 1478 0
108 298 1456 0
108 89 1557 0
108 289 1492 0
109 40 1539 0
109 152 1490 0
109 291 1517 0
109 196 1519 0
110 62 1488 0
110 238 1376 0
110 254 1577 0
110 215 1458 0
111 212 1355 0
111 56 1590 0
111 135 1618 0
111 189 1395 0
112 58 1558 0
112 11 1360 0
112 165 1543 0
112 284 1401 0
113 138 1452 0
113 40 1356 0
113 109 1402 0
113 77 1556 0
114 258 1587 0
114 212 1587 0
114 74 1485 0
114 149 1374 0
115 280 1407 0
115 27 1544 0
115 31 1456 0
115 242 1616 0
116 201 1488 0
116 130 1553 0
116 271 1437 0
116 162 1574 0
117 295 1378 0
117 40 1421 0
117 10 1533 0
117 17 1420 0
118 48 1440 0
118 245 1426 0
118 119 1514 0
118 125 1505 0
119 129 1546 0
119 1 1606 0
119 152 1588 0
119 46 1575 0
120 271 82 2
120 267 140 2
120 278 131 2
120 200 88 2
121 143 90 2
121 234 86 2
121 252 158 2
121 289 107 2
122 157 159 2
122 46 160 2
122 186 143 2
122 240 148 2
123 125 155 2
123 123 150 2
123 196 106 2
123 118 110 2
124 67 89 2
124 215 121 2
124 234 92 2
124 91 94 2
125 37 151 2
125 176 147 2
125 42 138 2
125 52 136 2
126 110 104 2
126 11 95 2
126 84 143 2
126 103 129 2
127 252 104 2
127 145 84 2
127 226 86 2
127 189 119 2
128 172 156 2
128 225 107 2
128 198 100 2
128 212 99 2
129 218 153 2
129 242 158 2
129 236 151 2
129 276 90 2
130 265 93 2
130 34 99 2
130 99 160 2
130 140 81 2
131 218 120 2
131 219 83 2
131 109 125 2
131 73 87 2
132 123 92 2
132 157 88 2
132 146 146 2
132 256 107 2
133 55 83 2
133 46 150 2
133 111 107 2
133 154 110 2
134 24 87 2
134 198 121 2
134 42 100 2
134 262 120 2
135 231 132 2
135 248 103 2
135 225 89 2
135 7 82 2
136 258 100 2
136 208 99 2
136 253 90 2
136 42 110 2
137 59 150 2
137 241 151 2
137 222 151 2
137 174 98 2
138 16 136 2
138 39 126 2
138 165 148 2
138 121 160 2
139 55 155 2
139 226 112 2
139 155 86 2
139 173 109 2
140 36 93 2
140 214 80 2
140 46 82 2
140 105 112 2
141 76 108 2
141 186 135 2
141 221 118 2
141 180 148 2
142 158 118 2
142 287 121 2
142 55 143 2
142 26 107 2
143 235 109 2
143 39 121 2
143 148 88 2
143 284 145 2
144 40 95 2
144 225 82 2
144 42 106 2
144 257 97 2
145 254 145 2
145 193 147 2
145 58 132 2
145 199 115 2
146 188 143 2
146 176 132 2
146 7 105 2
146 146 156 2
147 103 148 2
147 254 82 2
147 252 145 2
147 157 117 2
148 143 84 2
148 260 160 2
148 149 114 2
148 18 84 2
149 278 85 2
149 245 126 2
149 63 100 2
149 148 82 2
150 279 3 4
150 240 11 4
150 64 24 4
150 85 22 4
151 56 16 4
151 271 19 4
151 136 17 4
151 52 27 4
152 160 11 4
152 130 24 4
152 247 9 4
152 34 24 4
153 195 30 4
153 295 30 4
153 186 14 4
153 210 20 4
154 215 14 4
154 70 4 4
154 36 13 4
154 26 2 4
155 10 6 4
155 164 6 4
155 168 15 4
155 192 32 4
156 265 32 4
156 243 13 4
156 252 13 4
156 260 27 4
157 95 25 4
157 38 1 4
157 230 24 4
157 96 17 4
158 162 6 4
158 60 7 4
158 197 29 4
158 159 23 4
159 24 11 4
159 182 22 4
159 183 31 4
159 54 4 4
160 294 11 4
160 81 2 4
160 239 15 4
160 20 12 4
161 186 18 4
161 250 21 4
161 149 24 4
161 167 29 4
162 293 3 4
162 216 31 4
162 252 27 4
162 178 30 4
163 112 32 4
163 35 16 4
163 123 6 4
163 137 5 4
164 12 1 4
164 49 13 4
164 52 24 4
164 245 15 4
165 29 2 4
165 14 1 4
165 123 22 4
165 244 25 4
166 204 15 4
166 249 28 4
166 181 8 4
166 55 20 4
167 112 5 4
167 53 17 4
167 145 29 4
167 205 29 4
168 65 21 4
168 104 23 4
168 188 8 4
168 85 13 4
169 256 3 4
169 15 2 4
169 107 10 4
169 286 32 4
170 193 21 4
170 37 21 4
170 259 32 4
170 288 20 4
171 247 9 4
171 19 12 4
171 209 17 4
171 1 3 4
172 297 3 4
172 255 9 4
172 47 21 4
172 194 1 4
173 160 14 4
173 208 14 4
173 60 10 4
173 248 18 4
174 226 27 4
174 167 22 4
174 248 24 4
174 127 28 4
175 248 3 4
175 173 24 4
175 45 18 4
175 46 32 4
176 252 17 4
176 243 23 4
176 173 25 4
176 91 5 4
177 162 19 4
177 268 10 4
177 242 21 4
177 7 14 4
178 167 32 4
178 146 18 4
178 170 20 4
178 69 8 4
179 60 23 4
179 200 7 4
179 87 2 4
179 101 2 4
180 42 1489 0
180 191 1570 0
180 50 1415 0
180 95 1452 0
181 152 1356 0
181 105 1375 0
181 89 1408 0
181 267 1376 0
182 89 1381 0
182 293 1352 0
182 248 1356 0
182 235 1462 0
183 23 1577 0
183 88 1369 0
183 88 1505 0
183 110 1614 0
184 97 1476 0
184 130 1510 0
184 192 1474 0
184 41 1422 0
185 3 1526 0
185 165 1515 0
185 167 1615 0
185 244 1606 0
186 60 1582 0
186 102 1385 0
186 23 1505 0
186 18 1356 0
187 217 1471 0
187 158 1537 0
187 206 1411 0
187 22 1579 0
188 87 1374 0
188 202 1472 0
188 96 1513 0
188 161 1462 0
189 166 1460 0
189 296 1426 0
189 292 1353 0
189 215 1463 0
190 1 1360 0
190 282 1505 0
190 253 1457 0
190 205 1370 0
191 201 1475 0
191 272 1556 0
191 68 1607 0
191 276 1524 0
192 17 1446 0
192 37 1556 0
192 173 1382 0
192 247 1387 0
193 230 1417 0
193 198 1564 0
193 137 1361 0
193 251 1541 0
194 219 1562 0
194 72 1438 0
194 81 1530 0
194 78 1522 0
195 9 1595 0
195 21 1384 0
195 7 1397 0
195 277 1614 0
196 202 1517 0
196 3 1509 0
196 155 1448 0
196 89 1411 0
197 268 1435 0
197 239 1586 0
197 199 1388 0
197 224 1509 0
198 223 1555 0
198 29 1497 0
198 275 1454 0
198 287 1546 0
199 30 1392 0
199 177 1535 0
199 277 1519 0
199 231 1367 0
200 113 1609 0
200 137 1543 0
200 277 1479 0
200 284 1614 0
201 152 1450 0
201 256 1456 0
201 157 1543 0
201 181 1492 0
202 1 1519 0
202 91 1538 0
202 251 1454 0
202 98 1485 0
203 64 1490 0
203 31 1511 0
203 37 1463 0
203 67 1607 0
204 297 1570 0
204 42 1592 0
204 135 1502 0
204 123 1484 0
205 139 1478 0
205 220 1530 0
205 294 1533 0
205 204 1356 0
206 185 1569 0
206 122 1607 0
206 265 1520 0
206 116 1524 0
207 247 1361 0
207 198 1546 0
207 16 1456 0
207 228 1350 0
208 178 1580 0
208 66 1448 0
208 14 1369 0
208 52 1411 0
209 46 1597 0
209 86 1359 0
209 295 1603 0
209 39 1410 0
210 184 119 2
210 218 144 2
210 85 138 2
210 288 85 2
211 257 124 2
211 101 107 2
211 151 137 2
211 138 129 2
212 127 85 2
212 156 127 2
212 199 116 2
212 9 140 2
213 282 111 2
213 10 134 2
213 227 88 2
213 1 142 2
214 291 147 2
214 206 156 2
214 131 133 2
214 72 141 2
215 92 158 2
215 30 84 2
215 1 132 2
215 47 94 2
216 9 93 2
216 280 104 2
216 50 82 2
216 234 145 2
217 269 114 2
217 47 134 2
217 85 115 2
217 151 151 2
218 273 119 2
218 98 114 2
218 297 154 2
218 186 84 2
219 21 149 2
219 274 81 2
219 131 141 2
219 244 108 2
220 205 95 2
220 34 137 2
220 168 95 2
220 56 130 2
221 233 86 2
221 223 109 2
221 22 86 2
221 156 142 2
222 127 107 2
222 41 83 2
222 43 133 2
222 235 156 2
223 14 99 2
223 29 109 2
223 278 91 2
223 53 121 2
224 11 109 2
224 114 84 2
224 116 144 2
224 56 112 2
225 67 149 2
225 76 152 2
225 43 121 2
225 115 92 2
226 16 120 2
226 21 154 2
226 66 103 2
226 7 144 2
227 149 134 2
227 282 157 2
227 287 87 2
227 201 118 2
228 8 99 2
228 272 110 2
228 134 141 2
228 98 92 2
229 73 154 2
229 81 80 2
229 86 99 2
229 266 93 2
230 276 123 2
230 261 117 2
230 143 99 2
230 250 102 2
231 184 119 2
231 168 98 2
231 225 148 2
231 157 118 2
232 13 82 2
232 42 117 2
232 217 160 2
232 147 138 2
233 279 115 2
233 142 94 2
233 171 146 2
233 165 118 2
234 6 159 2
234 180 115 2
234 50 158 2
234 214 119 2
235 113 112 2
235 5 119 2
235 270 141 2
235 53 112 2
236 93 101 2
236 139 91 2
236 170 127 2
236 249 86 2
237 131 109 2
237 267 152 2
237 21 159 2
237 41 126 2
238 222 85 2
238 135 111 2
238 255 101 2
238 83 111 2
239 198 106 2
239 200 103 2
239 69 129 2
239 273 103 2
240 173 21 4
240 38 27 4
240 43 5 4
240 297 28 4
241 56 11 4
241 108 7 4
241 270 6 4
241 128 14 4
242 195 24 4
242 234 8 4
242 290 24 4
242 168 15 4
243 168 13 4
243 234 7 4
243 282 6 4
243 225 1 4
244 299 5 4
244 128 6 4
244 34 16 4
244 165 4 4
245 102 26 4
245 88 21 4
245 130 7 4
245 67 11 4
246 161 28 4
246 124 7 4
246 194 19 4
246 182 21 4
247 296 9 4
247 118 21 4
247 289 2 4
247 179 9 4
248 90 13 4
248 33 8 4
248 176 16 4
248 218 14 4
249 159 17 4
249 191 5 4
249 247 10 4
249 186 32 4
250 203 23 4
250 60 30 4
250 228 22 4
250 90 15 4
251 159 23 4
251 126 6 4
251 184 27 4
251 187 28 4
252 60 9 4
252 22 21 4
252 86 10 4
252 102 5 4
253 247 7 4
253 35 16 4
253 226 5 4
253 160 28 4
254 112 25 4
254 241 26 4
254 75 26 4
254 134 16 4
255 162 12 4
255 8 31 4
255 130 10 4
255 275 2 4
256 11 28 4
256 76 32 4
256 3 22 4
256 1 31 4
257 279 17 4
257 218 27 4
257 128 19 4
257 134 25 4
258 224 23 4
258 223 25 4
258 206 5 4
258 25 31 4
259 139 29 4
259 66 12 4
259 106 5 4
259 111 16 4
260 213 15 4
260 251 28 4
260 90 24 4
260 176 22 4
261 209 4 4
261 139 17 4
261 248 4 4
261 133 26 4
262 225 18 4
262 212 31 4
262 24 4 4
262 27 24 4
263 138 5 4
263 217 33 4
263 10 24 4
263 247 32 4
264 242 31 4
264 193 20 4
264 121 24 4
264 277 7 4
265 240 6 4
265 90 6 4
265 63 32 4
265 138 12 4
266 140 8 4
266 26 1 4
266 283 13 4
266 296 13 4
267 68 28 4
267 24 27 4
267 156 7 4
267 133 26 4
268 9 18 4
268 250 24 4
268 130 8 4
268 225 31 4
269 221 6 4
269 133 2 4
269 260 11 4
269 246 16 4
270 189 1461 0
270 235 1459 0
270 184 1376 0
270 9 1557 0
271 33 1425 0
271 6 1526 0
271 29 1574 0
271 117 1398 0
272 256 1495 0
272 244 1444 0
272 250 1507 0
272 278 1427 0
273 9 1495 0
273 239 1477 0
273 36 1523 0
273 296 1505 0
274 126 1435 0
274 74 1374 0
274 242 1470 0
274 162 1485 0
275 131 1476 0
275 18 1594 0
275 129 1504 0
275 207 1377 0
276 123 1466 0
276 122 1604 0
276 14 1497 0
276 263 1448 0
277 213 1385 0
277 211 1572 0
277 170 1507 0
277 174 1376 0
278 145 1370 0
278 235 1445 0
278 131 1463 0
278 145 1616 0
279 34 1452 0
279 112 1463 0
279 280 1599 0
279 114 1381 0
280 203 1441 0
280 86 1455 0
280 141 1383 0
280 92 1386 0
281 7 1477 0
281 284 1486 0
281 177 1564 0
281 196 1560 0
282 65 1401 0
282 31 1611 0
282 200 1578 0
282 86 1501 0
283 141 1496 0
283 269 1549 0
283 119 1355 0
283 271 1537 0
284 259 1512 0
284 193 1408 0
284 187 1555 0
284 44 1526 0
285 124 1488 0
285 288 1432 0
285 33 1407 0
285 61 1604 0
286 92 1429 0
286 32 1508 0
286 73 1526 0
286 280 1591 0
287 109 1571 0
287 207 1495 0
287 258 1607 0
287 224 1525 0
288 22 1521 0
288 32 1378 0
288 184 1554 0
288 227 1520 0
289 219 1499 0
289 99 1610 0
289 171 1480 0
289 279 1375 0
290 151 1384 0
290 282 1446 0
290 14 1459 0
290 84 1531 0
291 153 1477 0
291 164 1436 0
291 224 1449 0
291 102 1593 0
292 65 1366 0
292 275 1524 0
292 238 1589 0
292 118 1403 0
293 212 1458 0
293 156 1616 0
293 64 1540 0
293 81 1563 0
294 197 1561 0
294 91 1573 0
294 270 1369 0
294 194 1482 0
295 25 1479 0
295 257 1447 0
295 69 1429 0
295 54 1462 0
296 46 1370 0
296 107 1449 0
296 219 1433 0
296 268 1611 0
297 201 1573 0
297 262 1541 0
297 165 1447 0
297 193 1547 0
298 1 1406 0
298 292 1365 0
298 194 1362 0
298 192 1363 0
299 170 1369 0
299 214 1592 0
299 259 1413 0
299 75 1475 0
300 36 1367 0
300 124 1610 0
300 111 1545 0
300 193 1435 0

VEHICLES: 1
70 189