NAME: OLEMBURG
TYPE: VRP
COMMENT: ARTIFICIAL
DIMENSION: 300
EDGE_WEIGHT_TYPE : EUC
ARISTAS: 1524
NODE_COORD_SECTION
293 299 1562.0 0.0
2 5 1579.0 0.0
5 7 1434.0 0.0
7 11 1426.0 0.0
11 37 1385.0 0.0
1 3 1397.0 0.0
3 4 1607.0 0.0
4 6 1360.0 0.0
126 128 240.0 2.0
239 270 372.0 2.0
238 239 273.0 2.0
237 238 366.0 2.0
236 237 288.0 2.0
184 236 1444.0 0.0
129 184 321.0 2.0
126 129 438.0 2.0
125 126 246.0 2.0
123 125 408.0 2.0
121 123 366.0 2.0
118 121 1372.0 0.0
118 119 1432.0 0.0
124 138 399.0 2.0
120 124 273.0 2.0
119 120 1431.0 0.0
119 122 1351.0 0.0
122 127 369.0 2.0
127 201 282.0 2.0
66 78 95.0 4.0
66 82 65.0 4.0
12 14 1585.0 0.0
6 8 1564.0 0.0
8 10 1450.0 0.0
10 12 1524.0 0.0
12 16 1394.0 0.0
6 9 1405.0 0.0
16 20 1430.0 0.0
20 25 1427.0 0.0
25 32 1377.0 0.0
112 115 1369.0 0.0
108 112 1442.0 0.0
105 108 1435.0 0.0
48 49 336.0 2.0
39 48 375.0 2.0
34 39 324.0 2.0
39 46 240.0 2.0
18 23 1484.0 0.0
16 18 1479.0 0.0
14 18 1611.0 0.0
32 44 324.0 2.0
51 52 315.0 2.0
43 52 342.0 2.0
40 42 369.0 2.0
42 45 462.0 2.0
40 43 462.0 2.0
28 43 1449.0 0.0
24 28 1488.0 0.0
28 35 1376.0 0.0
66 74 100.0 4.0
74 80 85.0 4.0
74 92 25.0 4.0
92 104 1512.0 0.0
31 38 456.0 2.0
26 31 1396.0 0.0
20 31 1439.0 0.0
15 23 1472.0 0.0
38 44 318.0 2.0
96 105 1485.0 0.0
74 96 95.0 4.0
29 41 1389.0 0.0
29 34 1473.0 0.0
22 29 1380.0 0.0
22 36 1500.0 0.0
19 22 1615.0 0.0
19 30 1489.0 0.0
15 19 1487.0 0.0
14 15 1543.0 0.0
57 60 261.0 2.0
55 57 414.0 2.0
53 55 282.0 2.0
51 53 423.0 2.0
49 51 444.0 2.0
47 49 459.0 2.0
46 51 249.0 2.0
41 46 291.0 2.0
36 41 354.0 2.0
30 36 255.0 2.0
26 30 1417.0 0.0
23 26 1546.0 0.0
24 40 1382.0 0.0
17 24 1504.0 0.0
13 17 1595.0 0.0
10 13 1529.0 0.0
25 38 1522.0 0.0
35 47 375.0 2.0
34 35 435.0 2.0
9 21 1564.0 0.0
21 27 1419.0 0.0
27 33 1449.0 0.0
33 66 288.0 2.0
80 89 60.0 4.0
89 110 105.0 4.0
139 159 450.0 2.0
134 139 330.0 2.0
139 144 291.0 2.0
144 156 423.0 2.0
213 222 339.0 2.0
128 134 480.0 2.0
193 215 1448.0 0.0
190 193 1466.0 0.0
191 199 1547.0 0.0
199 211 1538.0 0.0
211 226 387.0 2.0
205 214 1420.0 0.0
191 205 1595.0 0.0
185 191 1550.0 0.0
180 185 1565.0 0.0
173 180 60.0 4.0
167 173 145.0 4.0
164 167 85.0 4.0
159 164 80.0 4.0
159 162 130.0 4.0
162 194 60.0 4.0
194 227 1406.0 0.0
209 223 1554.0 0.0
223 235 324.0 2.0
209 217 1571.0 0.0
202 220 1382.0 0.0
186 202 1445.0 0.0
183 186 1492.0 0.0
186 209 1474.0 0.0
172 183 90.0 4.0
183 200 1404.0 0.0
200 210 1403.0 0.0
210 213 474.0 2.0
216 221 312.0 2.0
221 231 456.0 2.0
225 231 435.0 2.0
216 225 435.0 2.0
199 216 1602.0 0.0
213 232 408.0 2.0
164 177 70.0 4.0
182 188 1368.0 0.0
172 182 30.0 4.0
182 187 1406.0 0.0
187 192 1574.0 0.0
188 192 1553.0 0.0
161 172 125.0 4.0
136 137 459.0 2.0
134 136 408.0 2.0
136 143 453.0 2.0
143 149 273.0 2.0
149 154 288.0 2.0
154 170 50.0 4.0
168 170 25.0 4.0
151 161 50.0 4.0
161 168 35.0 4.0
168 175 55.0 4.0
163 175 70.0 4.0
153 163 5.0 4.0
141 153 357.0 2.0
137 141 318.0 2.0
208 230 1368.0 0.0
190 208 1452.0 0.0
162 190 135.0 4.0
203 228 1466.0 0.0
185 203 1454.0 0.0
255 277 130.0 4.0
277 284 1466.0 0.0
277 300 1352.0 0.0
275 282 1456.0 0.0
282 287 1501.0 0.0
286 287 1427.0 0.0
275 286 1495.0 0.0
271 275 1506.0 0.0
268 271 145.0 4.0
264 268 55.0 4.0
268 279 90.0 4.0
272 279 1372.0 0.0
262 272 105.0 4.0
262 264 35.0 4.0
255 262 55.0 4.0
245 250 65.0 4.0
245 246 135.0 4.0
241 245 90.0 4.0
284 297 1551.0 0.0
284 295 1453.0 0.0
257 298 105.0 4.0
254 257 100.0 4.0
257 259 120.0 4.0
253 292 90.0 4.0
242 253 55.0 4.0
238 242 354.0 2.0
238 240 405.0 2.0
243 248 70.0 4.0
248 261 105.0 4.0
261 269 70.0 4.0
273 281 1367.0 0.0
281 290 1615.0 0.0
278 288 1547.0 0.0
259 278 75.0 4.0
278 296 1435.0 0.0
250 255 135.0 4.0
260 266 165.0 4.0
250 260 110.0 4.0
283 293 1471.0 0.0
246 283 45.0 4.0
240 241 5.0 4.0
240 244 130.0 4.0
240 243 105.0 4.0
256 265 60.0 4.0
242 256 140.0 4.0
242 254 115.0 4.0
254 280 110.0 4.0
130 132 447.0 2.0
132 135 405.0 2.0
135 142 477.0 2.0
142 151 405.0 2.0
174 195 125.0 4.0
174 179 155.0 4.0
169 174 25.0 4.0
148 150 351.0 2.0
145 148 414.0 2.0
148 152 420.0 2.0
152 155 95.0 4.0
150 155 45.0 4.0
140 145 282.0 2.0
198 218 1370.0 0.0
196 198 1608.0 0.0
178 196 20.0 4.0
158 178 50.0 4.0
158 166 155.0 4.0
166 176 10.0 4.0
176 181 90.0 4.0
181 189 1605.0 0.0
171 189 20.0 4.0
233 234 324.0 2.0
224 233 282.0 2.0
212 224 291.0 2.0
207 212 1452.0 0.0
197 207 1579.0 0.0
197 204 1468.0 0.0
171 197 110.0 4.0
165 171 140.0 4.0
160 165 65.0 4.0
165 179 30.0 4.0
157 169 95.0 4.0
142 157 282.0 2.0
204 206 1547.0 0.0
146 160 459.0 2.0
131 146 399.0 2.0
130 131 306.0 2.0
126 130 471.0 2.0
147 158 378.0 2.0
140 147 477.0 2.0
133 140 390.0 2.0
130 133 345.0 2.0
204 219 1429.0 0.0
219 229 327.0 2.0
243 247 85.0 4.0
247 258 25.0 4.0
247 251 55.0 4.0
251 267 35.0 4.0
263 267 25.0 4.0
258 294 130.0 4.0
249 258 45.0 4.0
258 263 60.0 4.0
263 276 105.0 4.0
269 273 10.0 4.0
269 276 100.0 4.0
285 291 1353.0 0.0
276 285 1549.0 0.0
244 249 130.0 4.0
244 252 55.0 4.0
249 274 130.0 4.0
273 289 1614.0 0.0
103 111 1615.0 0.0
86 95 130.0 4.0
79 86 60.0 4.0
59 63 315.0 2.0
98 114 1574.0 0.0
83 98 100.0 4.0
90 100 1556.0 0.0
88 90 30.0 4.0
93 101 1421.0 0.0
101 116 1549.0 0.0
87 103 50.0 4.0
102 109 1448.0 0.0
85 102 135.0 4.0
85 91 105.0 4.0
91 99 1503.0 0.0
107 117 1577.0 0.0
94 107 1359.0 0.0
107 113 1565.0 0.0
64 67 15.0 4.0
61 64 35.0 4.0
59 61 243.0 2.0
50 59 261.0 2.0
84 93 5.0 4.0
81 84 85.0 4.0
76 81 45.0 4.0
72 76 40.0 4.0
68 72 35.0 4.0
65 69 10.0 4.0
65 68 85.0 4.0
62 65 5.0 4.0
58 62 360.0 2.0
56 58 285.0 2.0
54 56 270.0 2.0
50 54 438.0 2.0
37 50 432.0 2.0
88 94 20.0 4.0
83 88 80.0 4.0
68 83 110.0 4.0
93 113 1609.0 0.0
77 85 15.0 4.0
67 77 40.0 4.0
75 79 45.0 4.0
79 87 40.0 4.0
73 75 145.0 4.0
71 73 65.0 4.0
70 71 40.0 4.0
69 70 70.0 4.0
94 97 1577.0 0.0
97 106 1508.0 0.0
1 225 1363.0 0.0
1 65 1596.0 0.0
1 153 1373.0 0.0
1 283 1485.0 0.0
2 8 1388.0 0.0
2 245 1375.0 0.0
2 46 1372.0 0.0
2 181 1472.0 0.0
3 139 1609.0 0.0
3 203 1425.0 0.0
3 130 1411.0 0.0
3 205 1423.0 0.0
4 226 1386.0 0.0
4 34 1460.0 0.0
4 57 1555.0 0.0
4 260 1558.0 0.0
5 59 1365.0 0.0
5 251 1533.0 0.0
5 299 1487.0 0.0
5 194 1618.0 0.0
6 166 1438.0 0.0
6 175 1485.0 0.0
6 137 1571.0 0.0
6 283 1578.0 0.0
7 178 1514.0 0.0
7 15 1391.0 0.0
7 9 1524.0 0.0
7 118 1511.0 0.0
8 165 1456.0 0.0
8 128 1460.0 0.0
8 240 1503.0 0.0
8 250 1484.0 0.0
9 43 1552.0 0.0
9 73 1508.0 0.0
9 273 1550.0 0.0
9 207 1396.0 0.0
10 268 1371.0 0.0
10 96 1546.0 0.0
10 176 1382.0 0.0
10 87 1515.0 0.0
11 273 1460.0 0.0
11 2 1597.0 0.0
11 281 1466.0 0.0
11 114 1583.0 0.0
12 96 1559.0 0.0
12 27 1604.0 0.0
12 298 1546.0 0.0
12 96 1556.0 0.0
13 20 1535.0 0.0
13 290 1555.0 0.0
13 194 1492.0 0.0
13 212 1438.0 0.0
14 227 1557.0 0.0
14 295 1488.0 0.0
14 138 1579.0 0.0
14 137 1519.0 0.0
15 212 1366.0 0.0
15 21 1358.0 0.0
15 154 1527.0 0.0
15 177 1419.0 0.0
16 141 1501.0 0.0
16 10 1378.0 0.0
16 230 1485.0 0.0
16 61 1549.0 0.0
17 127 1616.0 0.0
17 51 1601.0 0.0
17 170 1463.0 0.0
17 124 1477.0 0.0
18 68 1583.0 0.0
18 8 1489.0 0.0
18 95 1441.0 0.0
18 75 1363.0 0.0
19 62 1454.0 0.0
19 147 1605.0 0.0
19 129 1496.0 0.0
19 230 1370.0 0.0
20 5 1539.0 0.0
20 167 1570.0 0.0
20 17 1617.0 0.0
20 261 1566.0 0.0
21 29 1485.0 0.0
21 122 1414.0 0.0
21 75 1488.0 0.0
21 190 1400.0 0.0
22 238 1389.0 0.0
22 207 1395.0 0.0
22 161 1394.0 0.0
22 19 1413.0 0.0
23 44 1520.0 0.0
23 33 1356.0 0.0
23 15 1425.0 0.0
23 184 1543.0 0.0
24 224 1399.0 0.0
24 219 1572.0 0.0
24 206 1351.0 0.0
24 276 1507.0 0.0
25 42 1418.0 0.0
25 177 1438.0 0.0
25 298 1452.0 0.0
25 164 1547.0 0.0
26 191 1406.0 0.0
26 166 1576.0 0.0
26 207 1397.0 0.0
26 208 1595.0 0.0
27 188 1353.0 0.0
27 143 1553.0 0.0
27 14 1384.0 0.0
27 51 1589.0 0.0
28 187 1524.0 0.0
28 26 1608.0 0.0
28 167 1414.0 0.0
28 34 1417.0 0.0
29 216 1379.0 0.0
29 70 1524.0 0.0
29 170 1427.0 0.0
29 63 1456.0 0.0
30 50 291.0 2.0
30 100 288.0 2.0
30 255 423.0 2.0
30 126 378.0 2.0
31 60 369.0 2.0
31 57 288.0 2.0
31 85 420.0 2.0
31 139 264.0 2.0
32 132 303.0 2.0
32 160 396.0 2.0
32 20 399.0 2.0
32 178 252.0 2.0
33 111 414.0 2.0
33 279 246.0 2.0
33 63 405.0 2.0
33 103 261.0 2.0
34 237 447.0 2.0
34 276 450.0 2.0
34 53 327.0 2.0
34 103 282.0 2.0
35 70 246.0 2.0
35 158 402.0 2.0
35 282 429.0 2.0
35 119 333.0 2.0
36 219 441.0 2.0
36 160 396.0 2.0
36 248 276.0 2.0
36 93 267.0 2.0
37 129 405.0 2.0
37 32 366.0 2.0
37 266 453.0 2.0
37 94 291.0 2.0
38 287 393.0 2.0
38 208 306.0 2.0
38 213 312.0 2.0
38 289 243.0 2.0
39 144 360.0 2.0
39 89 411.0 2.0
39 267 411.0 2.0
39 264 309.0 2.0
40 277 282.0 2.0
40 156 267.0 2.0
40 173 345.0 2.0
40 227 354.0 2.0
41 235 243.0 2.0
41 296 348.0 2.0
41 235 246.0 2.0
41 128 420.0 2.0
42 128 324.0 2.0
42 20 438.0 2.0
42 131 414.0 2.0
42 298 465.0 2.0
43 280 384.0 2.0
43 286 300.0 2.0
43 97 456.0 2.0
43 73 255.0 2.0
44 226 414.0 2.0
44 170 432.0 2.0
44 115 285.0 2.0
44 271 321.0 2.0
45 243 426.0 2.0
45 250 411.0 2.0
45 18 318.0 2.0
45 133 390.0 2.0
46 248 435.0 2.0
46 79 300.0 2.0
46 184 468.0 2.0
46 137 405.0 2.0
47 280 369.0 2.0
47 284 261.0 2.0
47 185 480.0 2.0
47 257 288.0 2.0
48 276 345.0 2.0
48 99 378.0 2.0
48 24 354.0 2.0
48 121 414.0 2.0
49 190 246.0 2.0
49 133 339.0 2.0
49 257 357.0 2.0
49 98 306.0 2.0
50 120 444.0 2.0
50 120 309.0 2.0
50 97 462.0 2.0
50 4 399.0 2.0
51 147 255.0 2.0
51 103 375.0 2.0
51 144 351.0 2.0
51 12 264.0 2.0
52 296 444.0 2.0
52 59 294.0 2.0
52 285 330.0 2.0
52 18 261.0 2.0
53 169 249.0 2.0
53 261 393.0 2.0
53 160 342.0 2.0
53 83 381.0 2.0
54 20 381.0 2.0
54 226 360.0 2.0
54 86 258.0 2.0
54 157 420.0 2.0
55 269 429.0 2.0
55 205 357.0 2.0
55 93 345.0 2.0
55 56 264.0 2.0
56 162 360.0 2.0
56 218 342.0 2.0
56 202 450.0 2.0
56 154 372.0 2.0
57 248 405.0 2.0
57 125 363.0 2.0
57 54 309.0 2.0
57 297 456.0 2.0
58 208 450.0 2.0
58 97 348.0 2.0
58 280 309.0 2.0
58 270 369.0 2.0
59 168 420.0 2.0
59 27 342.0 2.0
59 248 435.0 2.0
59 53 393.0 2.0
60 183 85.0 4.0
60 93 160.0 4.0
60 150 10.0 4.0
60 61 5.0 4.0
61 163 20.0 4.0
61 260 95.0 4.0
61 111 95.0 4.0
61 53 65.0 4.0
62 188 20.0 4.0
62 189 20.0 4.0
62 211 30.0 4.0
62 49 115.0 4.0
63 33 35.0 4.0
63 190 5.0 4.0
63 283 100.0 4.0
63 299 135.0 4.0
64 93 90.0 4.0
64 31 65.0 4.0
64 212 70.0 4.0
64 173 140.0 4.0
65 279 110.0 4.0
65 292 45.0 4.0
65 43 105.0 4.0
65 98 120.0 4.0
66 142 20.0 4.0
66 227 75.0 4.0
66 187 95.0 4.0
66 239 110.0 4.0
67 219 120.0 4.0
67 281 130.0 4.0
67 272 75.0 4.0
67 192 10.0 4.0
68 224 115.0 4.0
68 60 95.0 4.0
68 82 110.0 4.0
68 160 95.0 4.0
69 237 40.0 4.0
69 58 150.0 4.0
69 86 75.0 4.0
69 220 140.0 4.0
70 42 90.0 4.0
70 196 45.0 4.0
70 35 70.0 4.0
70 90 100.0 4.0
71 227 75.0 4.0
71 10 160.0 4.0
71 197 95.0 4.0
71 77 10.0 4.0
72 56 30.0 4.0
72 12 135.0 4.0
72 248 80.0 4.0
72 42 155.0 4.0
73 64 60.0 4.0
73 203 95.0 4.0
73 241 80.0 4.0
73 222 20.0 4.0
74 31 30.0 4.0
74 204 90.0 4.0
74 17 115.0 4.0
74 11 70.0 4.0
75 160 105.0 4.0
75 146 145.0 4.0
75 137 130.0 4.0
75 161 35.0 4.0
76 140 115.0 4.0
76 29 40.0 4.0
76 248 105.0 4.0
76 172 40.0 4.0
77 167 35.0 4.0
77 146 85.0 4.0
77 207 155.0 4.0
77 86 105.0 4.0
78 287 145.0 4.0
78 122 80.0 4.0
78 29 120.0 4.0
78 90 65.0 4.0
79 148 85.0 4.0
79 224 25.0 4.0
79 233 135.0 4.0
79 103 125.0 4.0
80 187 65.0 4.0
80 241 160.0 4.0
80 300 105.0 4.0
80 99 130.0 4.0
81 200 60.0 4.0
81 32 125.0 4.0
81 275 40.0 4.0
81 195 145.0 4.0
82 54 70.0 4.0
82 198 85.0 4.0
82 66 105.0 4.0
82 197 110.0 4.0
83 152 60.0 4.0
83 226 100.0 4.0
83 123 160.0 4.0
83 187 135.0 4.0
84 251 165.0 4.0
84 212 50.0 4.0
84 13 5.0 4.0
84 206 135.0 4.0
85 102 10.0 4.0
85 47 145.0 4.0
85 210 120.0 4.0
85 143 90.0 4.0
86 54 130.0 4.0
86 246 140.0 4.0
86 169 45.0 4.0
86 153 40.0 4.0
87 143 115.0 4.0
87 244 20.0 4.0
87 258 145.0 4.0
87 161 35.0 4.0
88 169 25.0 4.0
88 272 50.0 4.0
88 164 95.0 4.0
88 116 65.0 4.0
89 16 95.0 4.0
89 117 20.0 4.0
89 293 110.0 4.0
89 11 100.0 4.0
90 170 1532.0 0.0
90 113 1588.0 0.0
90 140 1372.0 0.0
90 283 1374.0 0.0
91 57 1610.0 0.0
91 206 1564.0 0.0
91 285 1518.0 0.0
91 256 1537.0 0.0
92 286 1357.0 0.0
92 218 1445.0 0.0
92 55 1434.0 0.0
92 184 1563.0 0.0
93 276 1588.0 0.0
93 280 1503.0 0.0
93 55 1435.0 0.0
93 225 1551.0 0.0
94 208 1415.0 0.0
94 214 1454.0 0.0
94 241 1477.0 0.0
94 236 1527.0 0.0
95 120 1415.0 0.0
95 291 1481.0 0.0
95 214 1382.0 0.0
95 175 1484.0 0.0
96 150 1420.0 0.0
96 188 1518.0 0.0
96 50 1591.0 0.0
96 56 1349.0 0.0
97 277 1543.0 0.0
97 225 1612.0 0.0
97 70 1504.0 0.0
97 287 1596.0 0.0
98 127 1369.0 0.0
98 49 1412.0 0.0
98 160 1430.0 0.0
98 288 1470.0 0.0
99 55 1445.0 0.0
99 208 1466.0 0.0
99 156 1522.0 0.0
99 266 1617.0 0.0
100 287 1611.0 0.0
100 117 1535.0 0.0
100 272 1431.0 0.0
100 3 1489.0 0.0
101 113 1510.0 0.0
101 119 1441.0 0.0
101 236 1501.0 0.0
101 275 1393.0 0.0
102 57 1468.0 0.0
102 93 1419.0 0.0
102 155 1525.0 0.0
102 10 1607.0 0.0
103 158 1392.0 0.0
103 55 1410.0 0.0
103 132 1527.0 0.0
103 61 1538.0 0.0
104 147 1401.0 0.0
104 160 1526.0 0.0
104 293 1549.0 0.0
104 236 1456.0 0.0
105 195 1439.0 0.0
105 1 1384.0 0.0
105 222 1523.0 0.0
105 27 1559.0 0.0
106 72 1564.0 0.0
106 160 1459.0 0.0
106 176 1585.0 0.0
106 22 1580.0 0.0
107 50 1376.0 0.0
107 54 1349.0 0.0
107 263 1611.0 0.0
107 192 1488.0 0.0
108 24 1478.0 0.0
108 298 1456.0 0.0
108 89 1557.0 0.0
108 289 1492.0 0.0
109 40 1539.0 0.0
109 152 1490.0 0.0
109 291 1517.0 0.0
109 196 1519.0 0.0
110 62 1488.0 0.0
110 238 1376.0 0.0
110 254 1577.0 0.0
110 215 1458.0 0.0
111 212 1355.0 0.0
111 56 1590.0 0.0
111 135 1618.0 0.0
111 189 1395.0 0.0
112 58 1558.0 0.0
112 11 1360.0 0.0
112 165 1543.0 0.0
112 284 1401.0 0.0
113 138 1452.0 0.0
113 40 1356.0 0.0
113 109 1402.0 0.0
113 77 1556.0 0.0
114 258 1587.0 0.0
114 212 1587.0 0.0
114 74 1485.0 0.0
114 149 1374.0 0.0
115 280 1407.0 0.0
115 27 1544.0 0.0
115 31 1456.0 0.0
115 242 1616.0 0.0
116 201 1488.0 0.0
116 130 1553.0 0.0
116 271 1437.0 0.0
116 162 1574.0 0.0
117 295 1378.0 0.0
117 40 1421.0 0.0
117 10 1533.0 0.0
117 17 1420.0 0.0
118 48 1440.0 0.0
118 245 1426.0 0.0
118 119 1514.0 0.0
118 125 1505.0 0.0
119 129 1546.0 0.0
119 1 1606.0 0.0
119 152 1588.0 0.0
119 46 1575.0 0.0
120 271 246.0 2.0
120 267 420.0 2.0
120 278 393.0 2.0
120 200 264.0 2.0
121 143 270.0 2.0
121 234 258.0 2.0
121 252 474.0 2.0
121 289 321.0 2.0
122 157 477.0 2.0
122 46 480.0 2.0
122 186 429.0 2.0
122 240 444.0 2.0
123 125 465.0 2.0
123 123 450.0 2.0
123 196 318.0 2.0
123 118 330.0 2.0
124 67 267.0 2.0
124 215 363.0 2.0
124 234 276.0 2.0
124 91 282.0 2.0
125 37 453.0 2.0
125 176 441.0 2.0
125 42 414.0 2.0
125 52 408.0 2.0
126 110 312.0 2.0
126 11 285.0 2.0
126 84 429.0 2.0
126 103 387.0 2.0
127 252 312.0 2.0
127 145 252.0 2.0
127 226 258.0 2.0
127 189 357.0 2.0
128 172 468.0 2.0
128 225 321.0 2.0
128 198 300.0 2.0
128 212 297.0 2.0
129 218 459.0 2.0
129 242 474.0 2.0
129 236 453.0 2.0
129 276 270.0 2.0
130 265 279.0 2.0
130 34 297.0 2.0
130 99 480.0 2.0
130 140 243.0 2.0
131 218 360.0 2.0
131 219 249.0 2.0
131 109 375.0 2.0
131 73 261.0 2.0
132 123 276.0 2.0
132 157 264.0 2.0
132 146 438.0 2.0
132 256 321.0 2.0
133 55 249.0 2.0
133 46 450.0 2.0
133 111 321.0 2.0
133 154 330.0 2.0
134 24 261.0 2.0
134 198 363.0 2.0
134 42 300.0 2.0
134 262 360.0 2.0
135 231 396.0 2.0
135 248 309.0 2.0
135 225 267.0 2.0
135 7 246.0 2.0
136 258 300.0 2.0
136 208 297.0 2.0
136 253 270.0 2.0
136 42 330.0 2.0
137 59 450.0 2.0
137 241 453.0 2.0
137 222 453.0 2.0
137 174 294.0 2.0
138 16 408.0 2.0
138 39 378.0 2.0
138 165 444.0 2.0
138 121 480.0 2.0
139 55 465.0 2.0
139 226 336.0 2.0
139 155 258.0 2.0
139 173 327.0 2.0
140 36 279.0 2.0
140 214 240.0 2.0
140 46 246.0 2.0
140 105 336.0 2.0
141 76 324.0 2.0
141 186 405.0 2.0
141 221 354.0 2.0
141 180 444.0 2.0
142 158 354.0 2.0
142 287 363.0 2.0
142 55 429.0 2.0
142 26 321.0 2.0
143 235 327.0 2.0
143 39 363.0 2.0
143 148 264.0 2.0
143 284 435.0 2.0
144 40 285.0 2.0
144 225 246.0 2.0
144 42 318.0 2.0
144 257 291.0 2.0
145 254 435.0 2.0
145 193 441.0 2.0
145 58 396.0 2.0
145 199 345.0 2.0
146 188 429.0 2.0
146 176 396.0 2.0
146 7 315.0 2.0
146 146 468.0 2.0
147 103 444.0 2.0
147 254 246.0 2.0
147 252 435.0 2.0
147 157 351.0 2.0
148 143 252.0 2.0
148 260 480.0 2.0
148 149 342.0 2.0
148 18 252.0 2.0
149 278 255.0 2.0
149 245 378.0 2.0
149 63 300.0 2.0
149 148 246.0 2.0
150 279 15.0 4.0
150 240 55.0 4.0
150 64 120.0 4.0
150 85 110.0 4.0
151 56 80.0 4.0
151 271 95.0 4.0
151 136 85.0 4.0
151 52 135.0 4.0
152 160 55.0 4.0
152 130 120.0 4.0
152 247 45.0 4.0
152 34 120.0 4.0
153 195 150.0 4.0
153 295 150.0 4.0
153 186 70.0 4.0
153 210 100.0 4.0
154 215 70.0 4.0
154 70 20.0 4.0
154 36 65.0 4.0
154 26 10.0 4.0
155 10 30.0 4.0
155 164 30.0 4.0
155 168 75.0 4.0
155 192 160.0 4.0
156 265 160.0 4.0
156 243 65.0 4.0
156 252 65.0 4.0
156 260 135.0 4.0
157 95 125.0 4.0
157 38 5.0 4.0
157 230 120.0 4.0
157 96 85.0 4.0
158 162 30.0 4.0
158 60 35.0 4.0
158 197 145.0 4.0
158 159 115.0 4.0
159 24 55.0 4.0
159 182 110.0 4.0
159 183 155.0 4.0
159 54 20.0 4.0
160 294 55.0 4.0
160 81 10.0 4.0
160 239 75.0 4.0
160 20 60.0 4.0
161 186 90.0 4.0
161 250 105.0 4.0
161 149 120.0 4.0
161 167 145.0 4.0
162 293 15.0 4.0
162 216 155.0 4.0
162 252 135.0 4.0
162 178 150.0 4.0
163 112 160.0 4.0
163 35 80.0 4.0
163 123 30.0 4.0
163 137 25.0 4.0
164 12 5.0 4.0
164 49 65.0 4.0
164 52 120.0 4.0
164 245 75.0 4.0
165 29 10.0 4.0
165 14 5.0 4.0
165 123 110.0 4.0
165 244 125.0 4.0
166 204 75.0 4.0
166 249 140.0 4.0
166 181 40.0 4.0
166 55 100.0 4.0
167 112 25.0 4.0
167 53 85.0 4.0
167 145 145.0 4.0
167 205 145.0 4.0
168 65 105.0 4.0
168 104 115.0 4.0
168 188 40.0 4.0
168 85 65.0 4.0
169 256 15.0 4.0
169 15 10.0 4.0
169 107 50.0 4.0
169 286 160.0 4.0
170 193 105.0 4.0
170 37 105.0 4.0
170 259 160.0 4.0
170 288 100.0 4.0
171 247 45.0 4.0
171 19 60.0 4.0
171 209 85.0 4.0
171 1 15.0 4.0
172 297 15.0 4.0
172 255 45.0 4.0
172 47 105.0 4.0
172 194 5.0 4.0
173 160 70.0 4.0
173 208 70.0 4.0
173 60 50.0 4.0
173 248 90.0 4.0
174 226 135.0 4.0
174 167 110.0 4.0
174 248 120.0 4.0
174 127 140.0 4.0
175 248 15.0 4.0
175 173 120.0 4.0
175 45 90.0 4.0
175 46 160.0 4.0
176 252 85.0 4.0
176 243 115.0 4.0
176 173 125.0 4.0
176 91 25.0 4.0
177 162 95.0 4.0
177 268 50.0 4.0
177 242 105.0 4.0
177 7 70.0 4.0
178 167 160.0 4.0
178 146 90.0 4.0
178 170 100.0 4.0
178 69 40.0 4.0
179 60 115.0 4.0
179 200 35.0 4.0
179 87 10.0 4.0
179 101 10.0 4.0
180 42 1489.0 0.0
180 191 1570.0 0.0
180 50 1415.0 0.0
180 95 1452.0 0.0
181 152 1356.0 0.0
181 105 1375.0 0.0
181 89 1408.0 0.0
181 267 1376.0 0.0
182 89 1381.0 0.0
182 293 1352.0 0.0
182 248 1356.0 0.0
182 235 1462.0 0.0
183 23 1577.0 0.0
183 88 1369.0 0.0
183 88 1505.0 0.0
183 110 1614.0 0.0
184 97 1476.0 0.0
184 130 1510.0 0.0
184 192 1474.0 0.0
184 41 1422.0 0.0
185 3 1526.0 0.0
185 165 1515.0 0.0
185 167 1615.0 0.0
185 244 1606.0 0.0
186 60 1582.0 0.0
186 102 1385.0 0.0
186 23 1505.0 0.0
186 18 1356.0 0.0
187 217 1471.0 0.0
187 158 1537.0 0.0
187 206 1411.0 0.0
187 22 1579.0 0.0
188 87 1374.0 0.0
188 202 1472.0 0.0
188 96 1513.0 0.0
188 161 1462.0 0.0
189 166 1460.0 0.0
189 296 1426.0 0.0
189 292 1353.0 0.0
189 215 1463.0 0.0
190 1 1360.0 0.0
190 282 1505.0 0.0
190 253 1457.0 0.0
190 205 1370.0 0.0
191 201 1475.0 0.0
191 272 1556.0 0.0
191 68 1607.0 0.0
191 276 1524.0 0.0
192 17 1446.0 0.0
192 37 1556.0 0.0
192 173 1382.0 0.0
192 247 1387.0 0.0
193 230 1417.0 0.0
193 198 1564.0 0.0
193 137 1361.0 0.0
193 251 1541.0 0.0
194 219 1562.0 0.0
194 72 1438.0 0.0
194 81 1530.0 0.0
194 78 1522.0 0.0
195 9 1595.0 0.0
195 21 1384.0 0.0
195 7 1397.0 0.0
195 277 1614.0 0.0
196 202 1517.0 0.0
196 3 1509.0 0.0
196 155 1448.0 0.0
196 89 1411.0 0.0
197 268 1435.0 0.0
197 239 1586.0 0.0
197 199 1388.0 0.0
197 224 1509.0 0.0
198 223 1555.0 0.0
198 29 1497.0 0.0
198 275 1454.0 0.0
198 287 1546.0 0.0
199 30 1392.0 0.0
199 177 1535.0 0.0
199 277 1519.0 0.0
199 231 1367.0 0.0
200 113 1609.0 0.0
200 137 1543.0 0.0
200 277 1479.0 0.0
200 284 1614.0 0.0
201 152 1450.0 0.0
201 256 1456.0 0.0
201 157 1543.0 0.0
201 181 1492.0 0.0
202 1 1519.0 0.0
202 91 1538.0 0.0
202 251 1454.0 0.0
202 98 1485.0 0.0
203 64 1490.0 0.0
203 31 1511.0 0.0
203 37 1463.0 0.0
203 67 1607.0 0.0
204 297 1570.0 0.0
204 42 1592.0 0.0
204 135 1502.0 0.0
204 123 1484.0 0.0
205 139 1478.0 0.0
205 220 1530.0 0.0
205 294 1533.0 0.0
205 204 1356.0 0.0
206 185 1569.0 0.0
206 122 1607.0 0.0
206 265 1520.0 0.0
206 116 1524.0 0.0
207 247 1361.0 0.0
207 198 1546.0 0.0
207 16 1456.0 0.0
207 228 1350.0 0.0
208 178 1580.0 0.0
208 66 1448.0 0.0
208 14 1369.0 0.0
208 52 1411.0 0.0
209 46 1597.0 0.0
209 86 1359.0 0.0
209 295 1603.0 0.0
209 39 1410.0 0.0
210 184 357.0 2.0
210 218 432.0 2.0
210 85 414.0 2.0
210 288 255.0 2.0
211 257 372.0 2.0
211 101 321.0 2.0
211 151 411.0 2.0
211 138 387.0 2.0
212 127 255.0 2.0
212 156 381.0 2.0
212 199 348.0 2.0
212 9 420.0 2.0
213 282 333.0 2.0
213 10 402.0 2.0
213 227 264.0 2.0
213 1 426.0 2.0
214 291 441.0 2.0
214 206 468.0 2.0
214 131 399.0 2.0
214 72 423.0 2.0
215 92 474.0 2.0
215 30 252.0 2.0
215 1 396.0 2.0
215 47 282.0 2.0
216 9 279.0 2.0
216 280 312.0 2.0
216 50 246.0 2.0
216 234 435.0 2.0
217 269 342.0 2.0
217 47 402.0 2.0
217 85 345.0 2.0
217 151 453.0 2.0
218 273 357.0 2.0
218 98 342.0 2.0
218 297 462.0 2.0
218 186 252.0 2.0
219 21 447.0 2.0
219 274 243.0 2.0
219 131 423.0 2.0
219 244 324.0 2.0
220 205 285.0 2.0
220 34 411.0 2.0
220 168 285.0 2.0
220 56 390.0 2.0
221 233 258.0 2.0
221 223 327.0 2.0
221 22 258.0 2.0
221 156 426.0 2.0
222 127 321.0 2.0
222 41 249.0 2.0
222 43 399.0 2.0
222 235 468.0 2.0
223 14 297.0 2.0
223 29 327.0 2.0
223 278 273.0 2.0
223 53 363.0 2.0
224 11 327.0 2.0
224 114 252.0 2.0
224 116 432.0 2.0
224 56 336.0 2.0
225 67 447.0 2.0
225 76 456.0 2.0
225 43 363.0 2.0
225 115 276.0 2.0
226 16 360.0 2.0
226 21 462.0 2.0
226 66 309.0 2.0
226 7 432.0 2.0
227 149 402.0 2.0
227 282 471.0 2.0
227 287 261.0 2.0
227 201 354.0 2.0
228 8 297.0 2.0
228 272 330.0 2.0
228 134 423.0 2.0
228 98 276.0 2.0
229 73 462.0 2.0
229 81 240.0 2.0
229 86 297.0 2.0
229 266 279.0 2.0
230 276 369.0 2.0
230 261 351.0 2.0
230 143 297.0 2.0
230 250 306.0 2.0
231 184 357.0 2.0
231 168 294.0 2.0
231 225 444.0 2.0
231 157 354.0 2.0
232 13 246.0 2.0
232 42 351.0 2.0
232 217 480.0 2.0
232 147 414.0 2.0
233 279 345.0 2.0
233 142 282.0 2.0
233 171 438.0 2.0
233 165 354.0 2.0
234 6 477.0 2.0
234 180 345.0 2.0
234 50 474.0 2.0
234 214 357.0 2.0
235 113 336.0 2.0
235 5 357.0 2.0
235 270 423.0 2.0
235 53 336.0 2.0
236 93 303.0 2.0
236 139 273.0 2.0
236 170 381.0 2.0
236 249 258.0 2.0
237 131 327.0 2.0
237 267 456.0 2.0
237 21 477.0 2.0
237 41 378.0 2.0
238 222 255.0 2.0
238 135 333.0 2.0
238 255 303.0 2.0
238 83 333.0 2.0
239 198 318.0 2.0
239 200 309.0 2.0
239 69 387.0 2.0
239 273 309.0 2.0
240 173 105.0 4.0
240 38 135.0 4.0
240 43 25.0 4.0
240 297 140.0 4.0
241 56 55.0 4.0
241 108 35.0 4.0
241 270 30.0 4.0
241 128 70.0 4.0
242 195 120.0 4.0
242 234 40.0 4.0
242 290 120.0 4.0
242 168 75.0 4.0
243 168 65.0 4.0
243 234 35.0 4.0
243 282 30.0 4.0
243 225 5.0 4.0
244 299 25.0 4.0
244 128 30.0 4.0
244 34 80.0 4.0
244 165 20.0 4.0
245 102 130.0 4.0
245 88 105.0 4.0
245 130 35.0 4.0
245 67 55.0 4.0
246 161 140.0 4.0
246 124 35.0 4.0
246 194 95.0 4.0
246 182 105.0 4.0
247 296 45.0 4.0
247 118 105.0 4.0
247 289 10.0 4.0
247 179 45.0 4.0
248 90 65.0 4.0
248 33 40.0 4.0
248 176 80.0 4.0
248 218 70.0 4.0
249 159 85.0 4.0
249 191 25.0 4.0
249 247 50.0 4.0
249 186 160.0 4.0
250 203 115.0 4.0
250 60 150.0 4.0
250 228 110.0 4.0
250 90 75.0 4.0
251 159 115.0 4.0
251 126 30.0 4.0
251 184 135.0 4.0
251 187 140.0 4.0
252 60 45.0 4.0
252 22 105.0 4.0
252 86 50.0 4.0
252 102 25.0 4.0
253 247 35.0 4.0
253 35 80.0 4.0
253 226 25.0 4.0
253 160 140.0 4.0
254 112 125.0 4.0
254 241 130.0 4.0
254 75 130.0 4.0
254 134 80.0 4.0
255 162 60.0 4.0
255 8 155.0 4.0
255 130 50.0 4.0
255 275 10.0 4.0
256 11 140.0 4.0
256 76 160.0 4.0
256 3 110.0 4.0
256 1 155.0 4.0
257 279 85.0 4.0
257 218 135.0 4.0
257 128 95.0 4.0
257 134 125.0 4.0
258 224 115.0 4.0
258 223 125.0 4.0
258 206 25.0 4.0
258 25 155.0 4.0
259 139 145.0 4.0
259 66 60.0 4.0
259 106 25.0 4.0
259 111 80.0 4.0
260 213 75.0 4.0
260 251 140.0 4.0
260 90 120.0 4.0
260 176 110.0 4.0
261 209 20.0 4.0
261 139 85.0 4.0
261 248 20.0 4.0
261 133 130.0 4.0
262 225 90.0 4.0
262 212 155.0 4.0
262 24 20.0 4.0
262 27 120.0 4.0
263 138 25.0 4.0
263 217 165.0 4.0
263 10 120.0 4.0
263 247 160.0 4.0
264 242 155.0 4.0
264 193 100.0 4.0
264 121 120.0 4.0
264 277 35.0 4.0
265 240 30.0 4.0
265 90 30.0 4.0
265 63 160.0 4.0
265 138 60.0 4.0
266 140 40.0 4.0
266 26 5.0 4.0
266 283 65.0 4.0
266 296 65.0 4.0
267 68 140.0 4.0
267 24 135.0 4.0
267 156 35.0 4.0
267 133 130.0 4.0
268 9 90.0 4.0
268 250 120.0 4.0
268 130 40.0 4.0
268 225 155.0 4.0
269 221 30.0 4.0
269 133 10.0 4.0
269 260 55.0 4.0
269 246 80.0 4.0
270 189 1461.0 0.0
270 235 1459.0 0.0
270 184 1376.0 0.0
270 9 1557.0 0.0
271 33 1425.0 0.0
271 6 1526.0 0.0
271 29 1574.0 0.0
271 117 1398.0 0.0
272 256 1495.0 0.0
272 244 1444.0 0.0
272 250 1507.0 0.0
272 278 1427.0 0.0
273 9 1495.0 0.0
273 239 1477.0 0.0
273 36 1523.0 0.0
273 296 1505.0 0.0
274 126 1435.0 0.0
274 74 1374.0 0.0
274 242 1470.0 0.0
274 162 1485.0 0.0
275 131 1476.0 0.0
275 18 1594.0 0.0
275 129 1504.0 0.0
275 207 1377.0 0.0
276 123 1466.0 0.0
276 122 1604.0 0.0
276 14 1497.0 0.0
276 263 1448.0 0.0
277 213 1385.0 0.0
277 211 1572.0 0.0
277 170 1507.0 0.0
277 174 1376.0 0.0
278 145 1370.0 0.0
278 235 1445.0 0.0
278 131 1463.0 0.0
278 145 1616.0 0.0
279 34 1452.0 0.0
279 112 1463.0 0.0
279 280 1599.0 0.0
279 114 1381.0 0.0
280 203 1441.0 0.0
280 86 1455.0 0.0
280 141 1383.0 0.0
280 92 1386.0 0.0
281 7 1477.0 0.0
281 284 1486.0 0.0
281 177 1564.0 0.0
281 196 1560.0 0.0
282 65 1401.0 0.0
282 31 1611.0 0.0
282 200 1578.0 0.0
282 86 1501.0 0.0
283 141 1496.0 0.0
283 269 1549.0 0.0
283 119 1355.0 0.0
283 271 1537.0 0.0
284 259 1512.0 0.0
284 193 1408.0 0.0
284 187 1555.0 0.0
284 44 1526.0 0.0
285 124 1488.0 0.0
285 288 1432.0 0.0
285 33 1407.0 0.0
285 61 1604.0 0.0
286 92 1429.0 0.0
286 32 1508.0 0.0
286 73 1526.0 0.0
286 280 1591.0 0.0
287 109 1571.0 0.0
287 207 1495.0 0.0
287 258 1607.0 0.0
287 224 1525.0 0.0
288 22 1521.0 0.0
288 32 1378.0 0.0
288 184 1554.0 0.0
288 227 1520.0 0.0
289 219 1499.0 0.0
289 99 1610.0 0.0
289 171 1480.0 0.0
289 279 1375.0 0.0
290 151 1384.0 0.0
290 282 1446.0 0.0
290 14 1459.0 0.0
290 84 1531.0 0.0
291 153 1477.0 0.0
291 164 1436.0 0.0
291 224 1449.0 0.0
291 102 1593.0 0.0
292 65 1366.0 0.0
292 275 1524.0 0.0
292 238 1589.0 0.0
292 118 1403.0 0.0
293 212 1458.0 0.0
293 156 1616.0 0.0
293 64 1540.0 0.0
293 81 1563.0 0.0
294 197 1561.0 0.0
294 91 1573.0 0.0
294 270 1369.0 0.0
294 194 1482.0 0.0
295 25 1479.0 0.0
295 257 1447.0 0.0
295 69 1429.0 0.0
295 54 1462.0 0.0
296 46 1370.0 0.0
296 107 1449.0 0.0
296 219 1433.0 0.0
296 268 1611.0 0.0
297 201 1573.0 0.0
297 262 1541.0 0.0
297 165 1447.0 0.0
297 193 1547.0 0.0
298 1 1406.0 0.0
298 292 1365.0 0.0
298 194 1362.0 0.0
298 192 1363.0 0.0
299 170 1369.0 0.0
299 214 1592.0 0.0
299 259 1413.0 0.0
299 75 1475.0 0.0
300 36 1367.0 0.0
300 124 1610.0 0.0
300 111 1545.0 0.0
300 193 1435.0 0.0

VEHICLES: 1
70 180