NAME: OLEMBURG
TYPE: VRP
COMMENT: ARTIFICIAL
DIMENSION: 300
EDGE_WEIGHT_TYPE : EUC
ARISTAS: 1524
NODE_COORD_SECTION
293 299 86.0 0.0
2 5 87.0 0.0
5 7 79.0 0.0
7 11 79.0 0.0
11 37 76.0 0.0
1 3 77.0 0.0
3 4 89.0 0.0
4 6 75.0 0.0
126 128 4.0 2.0
239 270 6.0 2.0
238 239 5.0 2.0
237 238 6.0 2.0
236 237 5.0 2.0
184 236 80.0 0.0
129 184 5.0 2.0
126 129 8.0 2.0
125 126 4.0 2.0
123 125 7.0 2.0
121 123 6.0 2.0
118 121 76.0 0.0
118 119 79.0 0.0
124 138 7.0 2.0
120 124 5.0 2.0
119 120 79.0 0.0
119 122 75.0 0.0
122 127 6.0 2.0
127 201 5.0 2.0
66 78 1.0 4.0
66 82 0.0 4.0
12 14 88.0 0.0
6 8 86.0 0.0
8 10 80.0 0.0
10 12 84.0 0.0
12 16 77.0 0.0
6 9 78.0 0.0
16 20 79.0 0.0
20 25 79.0 0.0
25 32 76.0 0.0
112 115 76.0 0.0
108 112 80.0 0.0
105 108 79.0 0.0
48 49 6.0 2.0
39 48 6.0 2.0
34 39 6.0 2.0
39 46 4.0 2.0
18 23 82.0 0.0
16 18 82.0 0.0
14 18 89.0 0.0
32 44 6.0 2.0
51 52 5.0 2.0
43 52 6.0 2.0
40 42 6.0 2.0
42 45 8.0 2.0
40 43 8.0 2.0
28 43 80.0 0.0
24 28 82.0 0.0
28 35 76.0 0.0
66 74 1.0 4.0
74 80 0.0 4.0
74 92 0.0 4.0
92 104 84.0 0.0
31 38 8.0 2.0
26 31 77.0 0.0
20 31 79.0 0.0
15 23 81.0 0.0
38 44 5.0 2.0
96 105 82.0 0.0
74 96 1.0 4.0
29 41 77.0 0.0
29 34 81.0 0.0
22 29 76.0 0.0
22 36 83.0 0.0
19 22 89.0 0.0
19 30 82.0 0.0
15 19 82.0 0.0
14 15 85.0 0.0
57 60 4.0 2.0
55 57 7.0 2.0
53 55 5.0 2.0
51 53 7.0 2.0
49 51 8.0 2.0
47 49 8.0 2.0
46 51 4.0 2.0
41 46 5.0 2.0
36 41 6.0 2.0
30 36 4.0 2.0
26 30 78.0 0.0
23 26 85.0 0.0
24 40 76.0 0.0
17 24 83.0 0.0
13 17 88.0 0.0
10 13 84.0 0.0
25 38 84.0 0.0
35 47 6.0 2.0
34 35 8.0 2.0
9 21 86.0 0.0
21 27 78.0 0.0
27 33 80.0 0.0
33 66 5.0 2.0
80 89 0.0 4.0
89 110 1.0 4.0
139 159 8.0 2.0
134 139 6.0 2.0
139 144 5.0 2.0
144 156 7.0 2.0
213 222 6.0 2.0
128 134 8.0 2.0
193 215 80.0 0.0
190 193 81.0 0.0
191 199 85.0 0.0
199 211 85.0 0.0
211 226 7.0 2.0
205 214 78.0 0.0
191 205 88.0 0.0
185 191 86.0 0.0
180 185 86.0 0.0
173 180 0.0 4.0
167 173 1.0 4.0
164 167 0.0 4.0
159 164 0.0 4.0
159 162 1.0 4.0
162 194 0.0 4.0
194 227 78.0 0.0
209 223 86.0 0.0
223 235 6.0 2.0
209 217 87.0 0.0
202 220 76.0 0.0
186 202 80.0 0.0
183 186 82.0 0.0
186 209 81.0 0.0
172 183 1.0 4.0
183 200 78.0 0.0
200 210 77.0 0.0
210 213 8.0 2.0
216 221 5.0 2.0
221 231 8.0 2.0
225 231 8.0 2.0
216 225 8.0 2.0
199 216 89.0 0.0
213 232 7.0 2.0
164 177 0.0 4.0
182 188 76.0 0.0
172 182 0.0 4.0
182 187 78.0 0.0
187 192 87.0 0.0
188 192 86.0 0.0
161 172 1.0 4.0
136 137 8.0 2.0
134 136 7.0 2.0
136 143 8.0 2.0
143 149 5.0 2.0
149 154 5.0 2.0
154 170 0.0 4.0
168 170 0.0 4.0
151 161 0.0 4.0
161 168 0.0 4.0
168 175 0.0 4.0
163 175 0.0 4.0
153 163 0.0 4.0
141 153 6.0 2.0
137 141 5.0 2.0
208 230 76.0 0.0
190 208 80.0 0.0
162 190 1.0 4.0
203 228 81.0 0.0
185 203 80.0 0.0
255 277 1.0 4.0
277 284 81.0 0.0
277 300 75.0 0.0
275 282 80.0 0.0
282 287 83.0 0.0
286 287 79.0 0.0
275 286 83.0 0.0
271 275 83.0 0.0
268 271 1.0 4.0
264 268 0.0 4.0
268 279 1.0 4.0
272 279 76.0 0.0
262 272 1.0 4.0
262 264 0.0 4.0
255 262 0.0 4.0
245 250 0.0 4.0
245 246 1.0 4.0
241 245 1.0 4.0
284 297 86.0 0.0
284 295 80.0 0.0
257 298 1.0 4.0
254 257 1.0 4.0
257 259 1.0 4.0
253 292 1.0 4.0
242 253 0.0 4.0
238 242 6.0 2.0
238 240 7.0 2.0
243 248 0.0 4.0
248 261 1.0 4.0
261 269 0.0 4.0
273 281 75.0 0.0
281 290 89.0 0.0
278 288 85.0 0.0
259 278 0.0 4.0
278 296 79.0 0.0
250 255 1.0 4.0
260 266 1.0 4.0
250 260 1.0 4.0
283 293 81.0 0.0
246 283 0.0 4.0
240 241 0.0 4.0
240 244 1.0 4.0
240 243 1.0 4.0
256 265 0.0 4.0
242 256 1.0 4.0
242 254 1.0 4.0
254 280 1.0 4.0
130 132 8.0 2.0
132 135 7.0 2.0
135 142 8.0 2.0
142 151 7.0 2.0
174 195 1.0 4.0
174 179 1.0 4.0
169 174 0.0 4.0
148 150 6.0 2.0
145 148 7.0 2.0
148 152 7.0 2.0
152 155 1.0 4.0
150 155 0.0 4.0
140 145 5.0 2.0
198 218 76.0 0.0
196 198 89.0 0.0
178 196 0.0 4.0
158 178 0.0 4.0
158 166 1.0 4.0
166 176 0.0 4.0
176 181 1.0 4.0
181 189 89.0 0.0
171 189 0.0 4.0
233 234 6.0 2.0
224 233 5.0 2.0
212 224 5.0 2.0
207 212 80.0 0.0
197 207 87.0 0.0
197 204 81.0 0.0
171 197 1.0 4.0
165 171 1.0 4.0
160 165 0.0 4.0
165 179 0.0 4.0
157 169 1.0 4.0
142 157 5.0 2.0
204 206 85.0 0.0
146 160 8.0 2.0
131 146 7.0 2.0
130 131 5.0 2.0
126 130 8.0 2.0
147 158 7.0 2.0
140 147 8.0 2.0
133 140 7.0 2.0
130 133 6.0 2.0
204 219 79.0 0.0
219 229 6.0 2.0
243 247 0.0 4.0
247 258 0.0 4.0
247 251 0.0 4.0
251 267 0.0 4.0
263 267 0.0 4.0
258 294 1.0 4.0
249 258 0.0 4.0
258 263 0.0 4.0
263 276 1.0 4.0
269 273 0.0 4.0
269 276 1.0 4.0
285 291 75.0 0.0
276 285 86.0 0.0
244 249 1.0 4.0
244 252 0.0 4.0
249 274 1.0 4.0
273 289 89.0 0.0
103 111 89.0 0.0
86 95 1.0 4.0
79 86 0.0 4.0
59 63 5.0 2.0
98 114 87.0 0.0
83 98 1.0 4.0
90 100 86.0 0.0
88 90 0.0 4.0
93 101 78.0 0.0
101 116 86.0 0.0
87 103 0.0 4.0
102 109 80.0 0.0
85 102 1.0 4.0
85 91 1.0 4.0
91 99 83.0 0.0
107 117 87.0 0.0
94 107 75.0 0.0
107 113 86.0 0.0
64 67 0.0 4.0
61 64 0.0 4.0
59 61 4.0 2.0
50 59 4.0 2.0
84 93 0.0 4.0
81 84 0.0 4.0
76 81 0.0 4.0
72 76 0.0 4.0
68 72 0.0 4.0
65 69 0.0 4.0
65 68 0.0 4.0
62 65 0.0 4.0
58 62 6.0 2.0
56 58 5.0 2.0
54 56 5.0 2.0
50 54 8.0 2.0
37 50 8.0 2.0
88 94 0.0 4.0
83 88 0.0 4.0
68 83 1.0 4.0
93 113 89.0 0.0
77 85 0.0 4.0
67 77 0.0 4.0
75 79 0.0 4.0
79 87 0.0 4.0
73 75 1.0 4.0
71 73 0.0 4.0
70 71 0.0 4.0
69 70 0.0 4.0
94 97 87.0 0.0
97 106 83.0 0.0
1 225 75.0 0.0
1 65 88.0 0.0
1 153 76.0 0.0
1 283 82.0 0.0
2 8 77.0 0.0
2 245 76.0 0.0
2 46 76.0 0.0
2 181 81.0 0.0
3 139 89.0 0.0
3 203 79.0 0.0
3 130 78.0 0.0
3 205 79.0 0.0
4 226 77.0 0.0
4 34 81.0 0.0
4 57 86.0 0.0
4 260 86.0 0.0
5 59 75.0 0.0
5 251 85.0 0.0
5 299 82.0 0.0
5 194 89.0 0.0
6 166 79.0 0.0
6 175 82.0 0.0
6 137 87.0 0.0
6 283 87.0 0.0
7 178 84.0 0.0
7 15 77.0 0.0
7 9 84.0 0.0
7 118 83.0 0.0
8 165 80.0 0.0
8 128 81.0 0.0
8 240 83.0 0.0
8 250 82.0 0.0
9 43 86.0 0.0
9 73 83.0 0.0
9 273 86.0 0.0
9 207 77.0 0.0
10 268 76.0 0.0
10 96 85.0 0.0
10 176 76.0 0.0
10 87 84.0 0.0
11 273 81.0 0.0
11 2 88.0 0.0
11 281 81.0 0.0
11 114 87.0 0.0
12 96 86.0 0.0
12 27 89.0 0.0
12 298 85.0 0.0
12 96 86.0 0.0
13 20 85.0 0.0
13 290 86.0 0.0
13 194 82.0 0.0
13 212 79.0 0.0
14 227 86.0 0.0
14 295 82.0 0.0
14 138 87.0 0.0
14 137 84.0 0.0
15 212 75.0 0.0
15 21 75.0 0.0
15 154 84.0 0.0
15 177 78.0 0.0
16 141 83.0 0.0
16 10 76.0 0.0
16 230 82.0 0.0
16 61 86.0 0.0
17 127 89.0 0.0
17 51 88.0 0.0
17 170 81.0 0.0
17 124 82.0 0.0
18 68 87.0 0.0
18 8 82.0 0.0
18 95 80.0 0.0
18 75 75.0 0.0
19 62 80.0 0.0
19 147 89.0 0.0
19 129 83.0 0.0
19 230 76.0 0.0
20 5 85.0 0.0
20 167 87.0 0.0
20 17 89.0 0.0
20 261 87.0 0.0
21 29 82.0 0.0
21 122 78.0 0.0
21 75 82.0 0.0
21 190 77.0 0.0
22 238 77.0 0.0
22 207 77.0 0.0
22 161 77.0 0.0
22 19 78.0 0.0
23 44 84.0 0.0
23 33 75.0 0.0
23 15 79.0 0.0
23 184 85.0 0.0
24 224 77.0 0.0
24 219 87.0 0.0
24 206 75.0 0.0
24 276 83.0 0.0
25 42 78.0 0.0
25 177 79.0 0.0
25 298 80.0 0.0
25 164 85.0 0.0
26 191 78.0 0.0
26 166 87.0 0.0
26 207 77.0 0.0
26 208 88.0 0.0
27 188 75.0 0.0
27 143 86.0 0.0
27 14 76.0 0.0
27 51 88.0 0.0
28 187 84.0 0.0
28 26 89.0 0.0
28 167 78.0 0.0
28 34 78.0 0.0
29 216 76.0 0.0
29 70 84.0 0.0
29 170 79.0 0.0
29 63 80.0 0.0
30 50 5.0 2.0
30 100 5.0 2.0
30 255 7.0 2.0
30 126 7.0 2.0
31 60 6.0 2.0
31 57 5.0 2.0
31 85 7.0 2.0
31 139 4.0 2.0
32 132 5.0 2.0
32 160 7.0 2.0
32 20 7.0 2.0
32 178 4.0 2.0
33 111 7.0 2.0
33 279 4.0 2.0
33 63 7.0 2.0
33 103 4.0 2.0
34 237 8.0 2.0
34 276 8.0 2.0
34 53 6.0 2.0
34 103 5.0 2.0
35 70 4.0 2.0
35 158 7.0 2.0
35 282 7.0 2.0
35 119 6.0 2.0
36 219 8.0 2.0
36 160 7.0 2.0
36 248 5.0 2.0
36 93 4.0 2.0
37 129 7.0 2.0
37 32 6.0 2.0
37 266 8.0 2.0
37 94 5.0 2.0
38 287 7.0 2.0
38 208 5.0 2.0
38 213 5.0 2.0
38 289 4.0 2.0
39 144 6.0 2.0
39 89 7.0 2.0
39 267 7.0 2.0
39 264 5.0 2.0
40 277 5.0 2.0
40 156 4.0 2.0
40 173 6.0 2.0
40 227 6.0 2.0
41 235 4.0 2.0
41 296 6.0 2.0
41 235 4.0 2.0
41 128 7.0 2.0
42 128 6.0 2.0
42 20 8.0 2.0
42 131 7.0 2.0
42 298 8.0 2.0
43 280 7.0 2.0
43 286 5.0 2.0
43 97 8.0 2.0
43 73 4.0 2.0
44 226 7.0 2.0
44 170 8.0 2.0
44 115 5.0 2.0
44 271 5.0 2.0
45 243 7.0 2.0
45 250 7.0 2.0
45 18 5.0 2.0
45 133 7.0 2.0
46 248 8.0 2.0
46 79 5.0 2.0
46 184 8.0 2.0
46 137 7.0 2.0
47 280 6.0 2.0
47 284 4.0 2.0
47 185 8.0 2.0
47 257 5.0 2.0
48 276 6.0 2.0
48 99 7.0 2.0
48 24 6.0 2.0
48 121 7.0 2.0
49 190 4.0 2.0
49 133 6.0 2.0
49 257 6.0 2.0
49 98 5.0 2.0
50 120 8.0 2.0
50 120 5.0 2.0
50 97 8.0 2.0
50 4 7.0 2.0
51 147 4.0 2.0
51 103 6.0 2.0
51 144 6.0 2.0
51 12 4.0 2.0
52 296 8.0 2.0
52 59 5.0 2.0
52 285 6.0 2.0
52 18 4.0 2.0
53 169 4.0 2.0
53 261 7.0 2.0
53 160 6.0 2.0
53 83 7.0 2.0
54 20 7.0 2.0
54 226 6.0 2.0
54 86 4.0 2.0
54 157 7.0 2.0
55 269 7.0 2.0
55 205 6.0 2.0
55 93 6.0 2.0
55 56 4.0 2.0
56 162 6.0 2.0
56 218 6.0 2.0
56 202 8.0 2.0
56 154 6.0 2.0
57 248 7.0 2.0
57 125 6.0 2.0
57 54 5.0 2.0
57 297 8.0 2.0
58 208 8.0 2.0
58 97 6.0 2.0
58 280 5.0 2.0
58 270 6.0 2.0
59 168 7.0 2.0
59 27 6.0 2.0
59 248 8.0 2.0
59 53 7.0 2.0
60 183 0.0 4.0
60 93 1.0 4.0
60 150 0.0 4.0
60 61 0.0 4.0
61 163 0.0 4.0
61 260 1.0 4.0
61 111 1.0 4.0
61 53 0.0 4.0
62 188 0.0 4.0
62 189 0.0 4.0
62 211 0.0 4.0
62 49 1.0 4.0
63 33 0.0 4.0
63 190 0.0 4.0
63 283 1.0 4.0
63 299 1.0 4.0
64 93 1.0 4.0
64 31 0.0 4.0
64 212 0.0 4.0
64 173 1.0 4.0
65 279 1.0 4.0
65 292 0.0 4.0
65 43 1.0 4.0
65 98 1.0 4.0
66 142 0.0 4.0
66 227 0.0 4.0
66 187 1.0 4.0
66 239 1.0 4.0
67 219 1.0 4.0
67 281 1.0 4.0
67 272 0.0 4.0
67 192 0.0 4.0
68 224 1.0 4.0
68 60 1.0 4.0
68 82 1.0 4.0
68 160 1.0 4.0
69 237 0.0 4.0
69 58 1.0 4.0
69 86 0.0 4.0
69 220 1.0 4.0
70 42 1.0 4.0
70 196 0.0 4.0
70 35 0.0 4.0
70 90 1.0 4.0
71 227 0.0 4.0
71 10 1.0 4.0
71 197 1.0 4.0
71 77 0.0 4.0
72 56 0.0 4.0
72 12 1.0 4.0
72 248 0.0 4.0
72 42 1.0 4.0
73 64 0.0 4.0
73 203 1.0 4.0
73 241 0.0 4.0
73 222 0.0 4.0
74 31 0.0 4.0
74 204 1.0 4.0
74 17 1.0 4.0
74 11 0.0 4.0
75 160 1.0 4.0
75 146 1.0 4.0
75 137 1.0 4.0
75 161 0.0 4.0
76 140 1.0 4.0
76 29 0.0 4.0
76 248 1.0 4.0
76 172 0.0 4.0
77 167 0.0 4.0
77 146 0.0 4.0
77 207 1.0 4.0
77 86 1.0 4.0
78 287 1.0 4.0
78 122 0.0 4.0
78 29 1.0 4.0
78 90 0.0 4.0
79 148 0.0 4.0
79 224 0.0 4.0
79 233 1.0 4.0
79 103 1.0 4.0
80 187 0.0 4.0
80 241 1.0 4.0
80 300 1.0 4.0
80 99 1.0 4.0
81 200 0.0 4.0
81 32 1.0 4.0
81 275 0.0 4.0
81 195 1.0 4.0
82 54 0.0 4.0
82 198 0.0 4.0
82 66 1.0 4.0
82 197 1.0 4.0
83 152 0.0 4.0
83 226 1.0 4.0
83 123 1.0 4.0
83 187 1.0 4.0
84 251 1.0 4.0
84 212 0.0 4.0
84 13 0.0 4.0
84 206 1.0 4.0
85 102 0.0 4.0
85 47 1.0 4.0
85 210 1.0 4.0
85 143 1.0 4.0
86 54 1.0 4.0
86 246 1.0 4.0
86 169 0.0 4.0
86 153 0.0 4.0
87 143 1.0 4.0
87 244 0.0 4.0
87 258 1.0 4.0
87 161 0.0 4.0
88 169 0.0 4.0
88 272 0.0 4.0
88 164 1.0 4.0
88 116 0.0 4.0
89 16 1.0 4.0
89 117 0.0 4.0
89 293 1.0 4.0
89 11 1.0 4.0
90 170 85.0 0.0
90 113 88.0 0.0
90 140 76.0 0.0
90 283 76.0 0.0
91 57 89.0 0.0
91 206 86.0 0.0
91 285 84.0 0.0
91 256 85.0 0.0
92 286 75.0 0.0
92 218 80.0 0.0
92 55 79.0 0.0
92 184 86.0 0.0
93 276 88.0 0.0
93 280 83.0 0.0
93 55 79.0 0.0
93 225 86.0 0.0
94 208 78.0 0.0
94 214 80.0 0.0
94 241 82.0 0.0
94 236 84.0 0.0
95 120 78.0 0.0
95 291 82.0 0.0
95 214 76.0 0.0
95 175 82.0 0.0
96 150 78.0 0.0
96 188 84.0 0.0
96 50 88.0 0.0
96 56 74.0 0.0
97 277 85.0 0.0
97 225 89.0 0.0
97 70 83.0 0.0
97 287 88.0 0.0
98 127 76.0 0.0
98 49 78.0 0.0
98 160 79.0 0.0
98 288 81.0 0.0
99 55 80.0 0.0
99 208 81.0 0.0
99 156 84.0 0.0
99 266 89.0 0.0
100 287 89.0 0.0
100 117 85.0 0.0
100 272 79.0 0.0
100 3 82.0 0.0
101 113 83.0 0.0
101 119 80.0 0.0
101 236 83.0 0.0
101 275 77.0 0.0
102 57 81.0 0.0
102 93 78.0 0.0
102 155 84.0 0.0
102 10 89.0 0.0
103 158 77.0 0.0
103 55 78.0 0.0
103 132 84.0 0.0
103 61 85.0 0.0
104 147 77.0 0.0
104 160 84.0 0.0
104 293 86.0 0.0
104 236 80.0 0.0
105 195 79.0 0.0
105 1 76.0 0.0
105 222 84.0 0.0
105 27 86.0 0.0
106 72 86.0 0.0
106 160 81.0 0.0
106 176 88.0 0.0
106 22 87.0 0.0
107 50 76.0 0.0
107 54 74.0 0.0
107 263 89.0 0.0
107 192 82.0 0.0
108 24 82.0 0.0
108 298 80.0 0.0
108 89 86.0 0.0
108 289 82.0 0.0
109 40 85.0 0.0
109 152 82.0 0.0
109 291 84.0 0.0
109 196 84.0 0.0
110 62 82.0 0.0
110 238 76.0 0.0
110 254 87.0 0.0
110 215 81.0 0.0
111 212 75.0 0.0
111 56 88.0 0.0
111 135 89.0 0.0
111 189 77.0 0.0
112 58 86.0 0.0
112 11 75.0 0.0
112 165 85.0 0.0
112 284 77.0 0.0
113 138 80.0 0.0
113 40 75.0 0.0
113 109 77.0 0.0
113 77 86.0 0.0
114 258 88.0 0.0
114 212 88.0 0.0
114 74 82.0 0.0
114 149 76.0 0.0
115 280 78.0 0.0
115 27 85.0 0.0
115 31 80.0 0.0
115 242 89.0 0.0
116 201 82.0 0.0
116 130 86.0 0.0
116 271 79.0 0.0
116 162 87.0 0.0
117 295 76.0 0.0
117 40 78.0 0.0
117 10 85.0 0.0
117 17 78.0 0.0
118 48 80.0 0.0
118 245 79.0 0.0
118 119 84.0 0.0
118 125 83.0 0.0
119 129 85.0 0.0
119 1 89.0 0.0
119 152 88.0 0.0
119 46 87.0 0.0
120 271 4.0 2.0
120 267 7.0 2.0
120 278 7.0 2.0
120 200 4.0 2.0
121 143 5.0 2.0
121 234 4.0 2.0
121 252 8.0 2.0
121 289 5.0 2.0
122 157 8.0 2.0
122 46 8.0 2.0
122 186 7.0 2.0
122 240 8.0 2.0
123 125 8.0 2.0
123 123 8.0 2.0
123 196 5.0 2.0
123 118 6.0 2.0
124 67 4.0 2.0
124 215 6.0 2.0
124 234 5.0 2.0
124 91 5.0 2.0
125 37 8.0 2.0
125 176 8.0 2.0
125 42 7.0 2.0
125 52 7.0 2.0
126 110 5.0 2.0
126 11 5.0 2.0
126 84 7.0 2.0
126 103 7.0 2.0
127 252 5.0 2.0
127 145 4.0 2.0
127 226 4.0 2.0
127 189 6.0 2.0
128 172 8.0 2.0
128 225 5.0 2.0
128 198 5.0 2.0
128 212 5.0 2.0
129 218 8.0 2.0
129 242 8.0 2.0
129 236 8.0 2.0
129 276 5.0 2.0
130 265 5.0 2.0
130 34 5.0 2.0
130 99 8.0 2.0
130 140 4.0 2.0
131 218 6.0 2.0
131 219 4.0 2.0
131 109 6.0 2.0
131 73 4.0 2.0
132 123 5.0 2.0
132 157 4.0 2.0
132 146 8.0 2.0
132 256 5.0 2.0
133 55 4.0 2.0
133 46 8.0 2.0
133 111 5.0 2.0
133 154 6.0 2.0
134 24 4.0 2.0
134 198 6.0 2.0
134 42 5.0 2.0
134 262 6.0 2.0
135 231 7.0 2.0
135 248 5.0 2.0
135 225 4.0 2.0
135 7 4.0 2.0
136 258 5.0 2.0
136 208 5.0 2.0
136 253 5.0 2.0
136 42 6.0 2.0
137 59 8.0 2.0
137 241 8.0 2.0
137 222 8.0 2.0
137 174 5.0 2.0
138 16 7.0 2.0
138 39 7.0 2.0
138 165 8.0 2.0
138 121 8.0 2.0
139 55 8.0 2.0
139 226 6.0 2.0
139 155 4.0 2.0
139 173 6.0 2.0
140 36 5.0 2.0
140 214 4.0 2.0
140 46 4.0 2.0
140 105 6.0 2.0
141 76 6.0 2.0
141 186 7.0 2.0
141 221 6.0 2.0
141 180 8.0 2.0
142 158 6.0 2.0
142 287 6.0 2.0
142 55 7.0 2.0
142 26 5.0 2.0
143 235 6.0 2.0
143 39 6.0 2.0
143 148 4.0 2.0
143 284 8.0 2.0
144 40 5.0 2.0
144 225 4.0 2.0
144 42 5.0 2.0
144 257 5.0 2.0
145 254 8.0 2.0
145 193 8.0 2.0
145 58 7.0 2.0
145 199 6.0 2.0
146 188 7.0 2.0
146 176 7.0 2.0
146 7 5.0 2.0
146 146 8.0 2.0
147 103 8.0 2.0
147 254 4.0 2.0
147 252 8.0 2.0
147 157 6.0 2.0
148 143 4.0 2.0
148 260 8.0 2.0
148 149 6.0 2.0
148 18 4.0 2.0
149 278 4.0 2.0
149 245 7.0 2.0
149 63 5.0 2.0
149 148 4.0 2.0
150 279 0.0 4.0
150 240 0.0 4.0
150 64 1.0 4.0
150 85 1.0 4.0
151 56 0.0 4.0
151 271 1.0 4.0
151 136 0.0 4.0
151 52 1.0 4.0
152 160 0.0 4.0
152 130 1.0 4.0
152 247 0.0 4.0
152 34 1.0 4.0
153 195 1.0 4.0
153 295 1.0 4.0
153 186 0.0 4.0
153 210 1.0 4.0
154 215 0.0 4.0
154 70 0.0 4.0
154 36 0.0 4.0
154 26 0.0 4.0
155 10 0.0 4.0
155 164 0.0 4.0
155 168 0.0 4.0
155 192 1.0 4.0
156 265 1.0 4.0
156 243 0.0 4.0
156 252 0.0 4.0
156 260 1.0 4.0
157 95 1.0 4.0
157 38 0.0 4.0
157 230 1.0 4.0
157 96 0.0 4.0
158 162 0.0 4.0
158 60 0.0 4.0
158 197 1.0 4.0
158 159 1.0 4.0
159 24 0.0 4.0
159 182 1.0 4.0
159 183 1.0 4.0
159 54 0.0 4.0
160 294 0.0 4.0
160 81 0.0 4.0
160 239 0.0 4.0
160 20 0.0 4.0
161 186 1.0 4.0
161 250 1.0 4.0
161 149 1.0 4.0
161 167 1.0 4.0
162 293 0.0 4.0
162 216 1.0 4.0
162 252 1.0 4.0
162 178 1.0 4.0
163 112 1.0 4.0
163 35 0.0 4.0
163 123 0.0 4.0
163 137 0.0 4.0
164 12 0.0 4.0
164 49 0.0 4.0
164 52 1.0 4.0
164 245 0.0 4.0
165 29 0.0 4.0
165 14 0.0 4.0
165 123 1.0 4.0
165 244 1.0 4.0
166 204 0.0 4.0
166 249 1.0 4.0
166 181 0.0 4.0
166 55 1.0 4.0
167 112 0.0 4.0
167 53 0.0 4.0
167 145 1.0 4.0
167 205 1.0 4.0
168 65 1.0 4.0
168 104 1.0 4.0
168 188 0.0 4.0
168 85 0.0 4.0
169 256 0.0 4.0
169 15 0.0 4.0
169 107 0.0 4.0
169 286 1.0 4.0
170 193 1.0 4.0
170 37 1.0 4.0
170 259 1.0 4.0
170 288 1.0 4.0
171 247 0.0 4.0
171 19 0.0 4.0
171 209 0.0 4.0
171 1 0.0 4.0
172 297 0.0 4.0
172 255 0.0 4.0
172 47 1.0 4.0
172 194 0.0 4.0
173 160 0.0 4.0
173 208 0.0 4.0
173 60 0.0 4.0
173 248 1.0 4.0
174 226 1.0 4.0
174 167 1.0 4.0
174 248 1.0 4.0
174 127 1.0 4.0
175 248 0.0 4.0
175 173 1.0 4.0
175 45 1.0 4.0
175 46 1.0 4.0
176 252 0.0 4.0
176 243 1.0 4.0
176 173 1.0 4.0
176 91 0.0 4.0
177 162 1.0 4.0
177 268 0.0 4.0
177 242 1.0 4.0
177 7 0.0 4.0
178 167 1.0 4.0
178 146 1.0 4.0
178 170 1.0 4.0
178 69 0.0 4.0
179 60 1.0 4.0
179 200 0.0 4.0
179 87 0.0 4.0
179 101 0.0 4.0
180 42 82.0 0.0
180 191 87.0 0.0
180 50 78.0 0.0
180 95 80.0 0.0
181 152 75.0 0.0
181 105 76.0 0.0
181 89 78.0 0.0
181 267 76.0 0.0
182 89 76.0 0.0
182 293 75.0 0.0
182 248 75.0 0.0
182 235 81.0 0.0
183 23 87.0 0.0
183 88 76.0 0.0
183 88 83.0 0.0
183 110 89.0 0.0
184 97 82.0 0.0
184 130 83.0 0.0
184 192 81.0 0.0
184 41 79.0 0.0
185 3 84.0 0.0
185 165 84.0 0.0
185 167 89.0 0.0
185 244 89.0 0.0
186 60 87.0 0.0
186 102 76.0 0.0
186 23 83.0 0.0
186 18 75.0 0.0
187 217 81.0 0.0
187 158 85.0 0.0
187 206 78.0 0.0
187 22 87.0 0.0
188 87 76.0 0.0
188 202 81.0 0.0
188 96 84.0 0.0
188 161 81.0 0.0
189 166 81.0 0.0
189 296 79.0 0.0
189 292 75.0 0.0
189 215 81.0 0.0
190 1 75.0 0.0
190 282 83.0 0.0
190 253 80.0 0.0
190 205 76.0 0.0
191 201 81.0 0.0
191 272 86.0 0.0
191 68 89.0 0.0
191 276 84.0 0.0
192 17 80.0 0.0
192 37 86.0 0.0
192 173 76.0 0.0
192 247 77.0 0.0
193 230 78.0 0.0
193 198 86.0 0.0
193 137 75.0 0.0
193 251 85.0 0.0
194 219 86.0 0.0
194 72 79.0 0.0
194 81 85.0 0.0
194 78 84.0 0.0
195 9 88.0 0.0
195 21 76.0 0.0
195 7 77.0 0.0
195 277 89.0 0.0
196 202 84.0 0.0
196 3 83.0 0.0
196 155 80.0 0.0
196 89 78.0 0.0
197 268 79.0 0.0
197 239 88.0 0.0
197 199 77.0 0.0
197 224 83.0 0.0
198 223 86.0 0.0
198 29 83.0 0.0
198 275 80.0 0.0
198 287 85.0 0.0
199 30 77.0 0.0
199 177 85.0 0.0
199 277 84.0 0.0
199 231 75.0 0.0
200 113 89.0 0.0
200 137 85.0 0.0
200 277 82.0 0.0
200 284 89.0 0.0
201 152 80.0 0.0
201 256 80.0 0.0
201 157 85.0 0.0
201 181 82.0 0.0
202 1 84.0 0.0
202 91 85.0 0.0
202 251 80.0 0.0
202 98 82.0 0.0
203 64 82.0 0.0
203 31 83.0 0.0
203 37 81.0 0.0
203 67 89.0 0.0
204 297 87.0 0.0
204 42 88.0 0.0
204 135 83.0 0.0
204 123 82.0 0.0
205 139 82.0 0.0
205 220 85.0 0.0
205 294 85.0 0.0
205 204 75.0 0.0
206 185 87.0 0.0
206 122 89.0 0.0
206 265 84.0 0.0
206 116 84.0 0.0
207 247 75.0 0.0
207 198 85.0 0.0
207 16 80.0 0.0
207 228 75.0 0.0
208 178 87.0 0.0
208 66 80.0 0.0
208 14 76.0 0.0
208 52 78.0 0.0
209 46 88.0 0.0
209 86 75.0 0.0
209 295 89.0 0.0
209 39 78.0 0.0
210 184 6.0 2.0
210 218 8.0 2.0
210 85 7.0 2.0
210 288 4.0 2.0
211 257 6.0 2.0
211 101 5.0 2.0
211 151 7.0 2.0
211 138 7.0 2.0
212 127 4.0 2.0
212 156 7.0 2.0
212 199 6.0 2.0
212 9 7.0 2.0
213 282 6.0 2.0
213 10 7.0 2.0
213 227 4.0 2.0
213 1 7.0 2.0
214 291 8.0 2.0
214 206 8.0 2.0
214 131 7.0 2.0
214 72 7.0 2.0
215 92 8.0 2.0
215 30 4.0 2.0
215 1 7.0 2.0
215 47 5.0 2.0
216 9 5.0 2.0
216 280 5.0 2.0
216 50 4.0 2.0
216 234 8.0 2.0
217 269 6.0 2.0
217 47 7.0 2.0
217 85 6.0 2.0
217 151 8.0 2.0
218 273 6.0 2.0
218 98 6.0 2.0
218 297 8.0 2.0
218 186 4.0 2.0
219 21 8.0 2.0
219 274 4.0 2.0
219 131 7.0 2.0
219 244 6.0 2.0
220 205 5.0 2.0
220 34 7.0 2.0
220 168 5.0 2.0
220 56 7.0 2.0
221 233 4.0 2.0
221 223 6.0 2.0
221 22 4.0 2.0
221 156 7.0 2.0
222 127 5.0 2.0
222 41 4.0 2.0
222 43 7.0 2.0
222 235 8.0 2.0
223 14 5.0 2.0
223 29 6.0 2.0
223 278 5.0 2.0
223 53 6.0 2.0
224 11 6.0 2.0
224 114 4.0 2.0
224 116 8.0 2.0
224 56 6.0 2.0
225 67 8.0 2.0
225 76 8.0 2.0
225 43 6.0 2.0
225 115 5.0 2.0
226 16 6.0 2.0
226 21 8.0 2.0
226 66 5.0 2.0
226 7 8.0 2.0
227 149 7.0 2.0
227 282 8.0 2.0
227 287 4.0 2.0
227 201 6.0 2.0
228 8 5.0 2.0
228 272 6.0 2.0
228 134 7.0 2.0
228 98 5.0 2.0
229 73 8.0 2.0
229 81 4.0 2.0
229 86 5.0 2.0
229 266 5.0 2.0
230 276 6.0 2.0
230 261 6.0 2.0
230 143 5.0 2.0
230 250 5.0 2.0
231 184 6.0 2.0
231 168 5.0 2.0
231 225 8.0 2.0
231 157 6.0 2.0
232 13 4.0 2.0
232 42 6.0 2.0
232 217 8.0 2.0
232 147 7.0 2.0
233 279 6.0 2.0
233 142 5.0 2.0
233 171 8.0 2.0
233 165 6.0 2.0
234 6 8.0 2.0
234 180 6.0 2.0
234 50 8.0 2.0
234 214 6.0 2.0
235 113 6.0 2.0
235 5 6.0 2.0
235 270 7.0 2.0
235 53 6.0 2.0
236 93 5.0 2.0
236 139 5.0 2.0
236 170 7.0 2.0
236 249 4.0 2.0
237 131 6.0 2.0
237 267 8.0 2.0
237 21 8.0 2.0
237 41 7.0 2.0
238 222 4.0 2.0
238 135 6.0 2.0
238 255 5.0 2.0
238 83 6.0 2.0
239 198 5.0 2.0
239 200 5.0 2.0
239 69 7.0 2.0
239 273 5.0 2.0
240 173 1.0 4.0
240 38 1.0 4.0
240 43 0.0 4.0
240 297 1.0 4.0
241 56 0.0 4.0
241 108 0.0 4.0
241 270 0.0 4.0
241 128 0.0 4.0
242 195 1.0 4.0
242 234 0.0 4.0
242 290 1.0 4.0
242 168 0.0 4.0
243 168 0.0 4.0
243 234 0.0 4.0
243 282 0.0 4.0
243 225 0.0 4.0
244 299 0.0 4.0
244 128 0.0 4.0
244 34 0.0 4.0
244 165 0.0 4.0
245 102 1.0 4.0
245 88 1.0 4.0
245 130 0.0 4.0
245 67 0.0 4.0
246 161 1.0 4.0
246 124 0.0 4.0
246 194 1.0 4.0
246 182 1.0 4.0
247 296 0.0 4.0
247 118 1.0 4.0
247 289 0.0 4.0
247 179 0.0 4.0
248 90 0.0 4.0
248 33 0.0 4.0
248 176 0.0 4.0
248 218 0.0 4.0
249 159 0.0 4.0
249 191 0.0 4.0
249 247 0.0 4.0
249 186 1.0 4.0
250 203 1.0 4.0
250 60 1.0 4.0
250 228 1.0 4.0
250 90 0.0 4.0
251 159 1.0 4.0
251 126 0.0 4.0
251 184 1.0 4.0
251 187 1.0 4.0
252 60 0.0 4.0
252 22 1.0 4.0
252 86 0.0 4.0
252 102 0.0 4.0
253 247 0.0 4.0
253 35 0.0 4.0
253 226 0.0 4.0
253 160 1.0 4.0
254 112 1.0 4.0
254 241 1.0 4.0
254 75 1.0 4.0
254 134 0.0 4.0
255 162 0.0 4.0
255 8 1.0 4.0
255 130 0.0 4.0
255 275 0.0 4.0
256 11 1.0 4.0
256 76 1.0 4.0
256 3 1.0 4.0
256 1 1.0 4.0
257 279 0.0 4.0
257 218 1.0 4.0
257 128 1.0 4.0
257 134 1.0 4.0
258 224 1.0 4.0
258 223 1.0 4.0
258 206 0.0 4.0
258 25 1.0 4.0
259 139 1.0 4.0
259 66 0.0 4.0
259 106 0.0 4.0
259 111 0.0 4.0
260 213 0.0 4.0
260 251 1.0 4.0
260 90 1.0 4.0
260 176 1.0 4.0
261 209 0.0 4.0
261 139 0.0 4.0
261 248 0.0 4.0
261 133 1.0 4.0
262 225 1.0 4.0
262 212 1.0 4.0
262 24 0.0 4.0
262 27 1.0 4.0
263 138 0.0 4.0
263 217 1.0 4.0
263 10 1.0 4.0
263 247 1.0 4.0
264 242 1.0 4.0
264 193 1.0 4.0
264 121 1.0 4.0
264 277 0.0 4.0
265 240 0.0 4.0
265 90 0.0 4.0
265 63 1.0 4.0
265 138 0.0 4.0
266 140 0.0 4.0
266 26 0.0 4.0
266 283 0.0 4.0
266 296 0.0 4.0
267 68 1.0 4.0
267 24 1.0 4.0
267 156 0.0 4.0
267 133 1.0 4.0
268 9 1.0 4.0
268 250 1.0 4.0
268 130 0.0 4.0
268 225 1.0 4.0
269 221 0.0 4.0
269 133 0.0 4.0
269 260 0.0 4.0
269 246 0.0 4.0
270 189 81.0 0.0
270 235 81.0 0.0
270 184 76.0 0.0
270 9 86.0 0.0
271 33 79.0 0.0
271 6 84.0 0.0
271 29 87.0 0.0
271 117 77.0 0.0
272 256 83.0 0.0
272 244 80.0 0.0
272 250 83.0 0.0
272 278 79.0 0.0
273 9 83.0 0.0
273 239 82.0 0.0
273 36 84.0 0.0
273 296 83.0 0.0
274 126 79.0 0.0
274 74 76.0 0.0
274 242 81.0 0.0
274 162 82.0 0.0
275 131 82.0 0.0
275 18 88.0 0.0
275 129 83.0 0.0
275 207 76.0 0.0
276 123 81.0 0.0
276 122 89.0 0.0
276 14 83.0 0.0
276 263 80.0 0.0
277 213 76.0 0.0
277 211 87.0 0.0
277 170 83.0 0.0
277 174 76.0 0.0
278 145 76.0 0.0
278 235 80.0 0.0
278 131 81.0 0.0
278 145 89.0 0.0
279 34 80.0 0.0
279 112 81.0 0.0
279 280 88.0 0.0
279 114 76.0 0.0
280 203 80.0 0.0
280 86 80.0 0.0
280 141 76.0 0.0
280 92 77.0 0.0
281 7 82.0 0.0
281 284 82.0 0.0
281 177 86.0 0.0
281 196 86.0 0.0
282 65 77.0 0.0
282 31 89.0 0.0
282 200 87.0 0.0
282 86 83.0 0.0
283 141 83.0 0.0
283 269 86.0 0.0
283 119 75.0 0.0
283 271 85.0 0.0
284 259 84.0 0.0
284 193 78.0 0.0
284 187 86.0 0.0
284 44 84.0 0.0
285 124 82.0 0.0
285 288 79.0 0.0
285 33 78.0 0.0
285 61 89.0 0.0
286 92 79.0 0.0
286 32 83.0 0.0
286 73 84.0 0.0
286 280 88.0 0.0
287 109 87.0 0.0
287 207 83.0 0.0
287 258 89.0 0.0
287 224 84.0 0.0
288 22 84.0 0.0
288 32 76.0 0.0
288 184 86.0 0.0
288 227 84.0 0.0
289 219 83.0 0.0
289 99 89.0 0.0
289 171 82.0 0.0
289 279 76.0 0.0
290 151 76.0 0.0
290 282 80.0 0.0
290 14 81.0 0.0
290 84 85.0 0.0
291 153 82.0 0.0
291 164 79.0 0.0
291 224 80.0 0.0
291 102 88.0 0.0
292 65 75.0 0.0
292 275 84.0 0.0
292 238 88.0 0.0
292 118 77.0 0.0
293 212 81.0 0.0
293 156 89.0 0.0
293 64 85.0 0.0
293 81 86.0 0.0
294 197 86.0 0.0
294 91 87.0 0.0
294 270 76.0 0.0
294 194 82.0 0.0
295 25 82.0 0.0
295 257 80.0 0.0
295 69 79.0 0.0
295 54 81.0 0.0
296 46 76.0 0.0
296 107 80.0 0.0
296 219 79.0 0.0
296 268 89.0 0.0
297 201 87.0 0.0
297 262 85.0 0.0
297 165 80.0 0.0
297 193 85.0 0.0
298 1 78.0 0.0
298 292 75.0 0.0
298 194 75.0 0.0
298 192 75.0 0.0
299 170 76.0 0.0
299 214 88.0 0.0
299 259 78.0 0.0
299 75 81.0 0.0
300 36 75.0 0.0
300 124 89.0 0.0
300 111 85.0 0.0
300 193 79.0 0.0

VEHICLES: 1
70 189